"datetime","count"
"2011-01-20 00:00:00",97.90125332
"2011-01-20 01:00:00",90.4054855
"2011-01-20 02:00:00",90.4054855
"2011-01-20 03:00:00",94.77291124
"2011-01-20 04:00:00",94.77291124
"2011-01-20 05:00:00",75.61325008
"2011-01-20 06:00:00",69.82795808
"2011-01-20 07:00:00",85.03345808
"2011-01-20 08:00:00",88.21977842
"2011-01-20 09:00:00",105.79135008
"2011-01-20 10:00:00",117.4479042
"2011-01-20 11:00:00",139.83048874
"2011-01-20 12:00:00",159.1933485
"2011-01-20 13:00:00",141.0695724
"2011-01-20 14:00:00",148.41624146
"2011-01-20 15:00:00",157.3878538
"2011-01-20 16:00:00",136.25184146
"2011-01-20 17:00:00",139.0867539
"2011-01-20 18:00:00",102.2127028
"2011-01-20 19:00:00",94.71493298
"2011-01-20 20:00:00",90.40504792
"2011-01-20 21:00:00",83.05304164
"2011-01-20 22:00:00",65.01796642
"2011-01-20 23:00:00",67.40904098
"2011-01-21 00:00:00",54.60234164
"2011-01-21 01:00:00",54.60234164
"2011-01-21 02:00:00",44.86561924
"2011-01-21 03:00:00",26.6464242
"2011-01-21 04:00:00",1.60706912
"2011-01-21 05:00:00",79.10606338
"2011-01-21 06:00:00",88.58424964
"2011-01-21 07:00:00",92.16289692
"2011-01-21 08:00:00",106.71837148
"2011-01-21 09:00:00",96.14446304
"2011-01-21 10:00:00",109.48996844
"2011-01-21 11:00:00",133.49274594
"2011-01-21 12:00:00",182.44078662
"2011-01-21 13:00:00",190.50580512
"2011-01-21 14:00:00",175.15508478
"2011-01-21 15:00:00",156.59094916
"2011-01-21 16:00:00",156.23420404
"2011-01-21 17:00:00",144.36671204
"2011-01-21 18:00:00",131.34722914
"2011-01-21 19:00:00",130.93784298
"2011-01-21 20:00:00",116.40977338
"2011-01-21 21:00:00",92.67649892
"2011-01-21 22:00:00",74.52360832
"2011-01-21 23:00:00",84.88599198
"2011-01-22 00:00:00",55.78639664
"2011-01-22 01:00:00",72.15162682
"2011-01-22 02:00:00",73.80009664
"2011-01-22 03:00:00",75.39592542
"2011-01-22 04:00:00",49.1472937
"2011-01-22 06:00:00",61.72641708
"2011-01-22 07:00:00",54.66714792
"2011-01-22 08:00:00",52.63281848
"2011-01-22 09:00:00",67.95079664
"2011-01-22 10:00:00",77.84497824
"2011-01-22 11:00:00",91.15774146
"2011-01-22 12:00:00",98.3889434
"2011-01-22 13:00:00",115.0888235
"2011-01-22 14:00:00",119.2866129
"2011-01-22 15:00:00",134.6708955
"2011-01-22 16:00:00",140.6288128
"2011-01-22 17:00:00",147.917993
"2011-01-22 18:00:00",103.3742393
"2011-01-22 19:00:00",104.61332296
"2011-01-22 20:00:00",65.61657024
"2011-01-22 21:00:00",82.62109762
"2011-01-22 22:00:00",66.7281315
"2011-01-22 23:00:00",24.5771619
"2011-01-23 00:00:00",12.8153619
"2011-01-23 01:00:00",12.8153619
"2011-01-23 02:00:00",0
"2011-01-23 03:00:00",0
"2011-01-23 05:00:00",18.6646619
"2011-01-23 06:00:00",18.6646619
"2011-01-23 07:00:00",24.50205174
"2011-01-23 08:00:00",2.15607023999999
"2011-01-23 09:00:00",39.55885304
"2011-01-23 10:00:00",77.02495132
"2011-01-23 11:00:00",86.20622958
"2011-01-23 12:00:00",114.13259494
"2011-01-23 13:00:00",116.55925132
"2011-01-23 14:00:00",140.35050404
"2011-01-23 15:00:00",140.35050404
"2011-01-23 16:00:00",144.84221248
"2011-01-23 17:00:00",137.84695132
"2011-01-23 18:00:00",121.54572914
"2011-01-23 19:00:00",123.14155792
"2011-01-23 20:00:00",97.54295164
"2011-01-23 21:00:00",94.3566313
"2011-01-23 22:00:00",82.4891393
"2011-01-23 23:00:00",64.78008658
"2011-01-24 00:00:00",65.1445578
"2011-01-24 01:00:00",47.2239803
"2011-01-24 03:00:00",45.98489664
"2011-01-24 04:00:00",37.95076146
"2011-01-24 05:00:00",37.95076146
"2011-01-24 06:00:00",39.99042812
"2011-01-24 07:00:00",48.426262
"2011-01-24 08:00:00",51.170454
"2011-01-24 09:00:00",81.2554315
"2011-01-24 10:00:00",76.537818
"2011-01-24 11:00:00",67.11590046
"2011-01-24 12:00:00",94.1012128
"2011-01-24 13:00:00",94.01582958
"2011-01-24 14:00:00",84.89252958
"2011-01-24 15:00:00",104.28509074
"2011-01-24 16:00:00",83.34879864
"2011-01-24 17:00:00",64.04391714
"2011-01-24 18:00:00",37.9131008
"2011-01-24 19:00:00",55.92439874
"2011-01-24 20:00:00",37.9131008
"2011-01-24 21:00:00",28.55449874
"2011-01-24 22:00:00",33.19382958
"2011-01-24 23:00:00",37.49939864
"2011-01-25 00:00:00",21.45373792
"2011-01-25 01:00:00",23.90279074
"2011-01-25 02:00:00",16.81440708
"2011-01-25 04:00:00",0
"2011-01-25 05:00:00",0
"2011-01-25 06:00:00",4.05795989999999
"2011-01-25 07:00:00",1.60890707999998
"2011-01-25 08:00:00",11.49775146
"2011-01-25 09:00:00",55.48988762
"2011-01-25 10:00:00",74.2057109
"2011-01-25 11:00:00",77.15609046
"2011-01-25 12:00:00",101.54173862
"2011-01-25 13:00:00",99.50207196
"2011-01-25 14:00:00",146.1494485
"2011-01-25 15:00:00",161.0580405
"2011-01-25 16:00:00",161.0580405
"2011-01-25 17:00:00",140.3001485
"2011-01-25 18:00:00",134.37090812
"2011-01-25 19:00:00",69.33171124
"2011-01-25 20:00:00",54.8913213
"2011-01-25 21:00:00",54.8913213
"2011-01-25 22:00:00",54.98204174
"2011-01-25 23:00:00",60.83134174
"2011-01-26 00:00:00",45.99031296
"2011-01-26 01:00:00",63.91089046
"2011-01-26 02:00:00",55.0259333
"2011-01-26 05:00:00",0
"2011-01-26 06:00:00",0
"2011-01-26 07:00:00",1.4381242
"2011-01-26 08:00:00",1.4381242
"2011-01-26 09:00:00",1.4381242
"2011-01-26 10:00:00",0
"2011-01-26 11:00:00",0
"2011-01-26 12:00:00",0
"2011-01-26 13:00:00",0
"2011-01-26 14:00:00",0
"2011-01-26 15:00:00",0
"2011-01-26 16:00:00",0
"2011-01-26 17:00:00",0
"2011-01-27 16:00:00",87.8630333
"2011-01-27 17:00:00",87.4825109
"2011-01-27 18:00:00",38.35568762
"2011-01-27 19:00:00",38.35568762
"2011-01-27 20:00:00",17.36489562
"2011-01-27 21:00:00",17.36489562
"2011-01-27 22:00:00",17.36489562
"2011-01-27 23:00:00",0
"2011-01-28 00:00:00",25.87902096
"2011-01-28 01:00:00",25.87902096
"2011-01-28 02:00:00",27.47484974
"2011-01-28 03:00:00",28.7139334
"2011-01-28 05:00:00",7.72314139999998
"2011-01-28 06:00:00",4.91734345999996
"2011-01-28 07:00:00",0
"2011-01-28 08:00:00",0
"2011-01-28 09:00:00",0
"2011-01-28 10:00:00",0
"2011-01-28 11:00:00",0
"2011-01-28 12:00:00",0
"2011-01-28 13:00:00",0
"2011-01-28 14:00:00",28.3582094999999
"2011-01-28 15:00:00",0
"2011-01-28 16:00:00",16.6596095
"2011-01-28 17:00:00",31.57119046
"2011-01-28 18:00:00",30.3612213
"2011-01-28 19:00:00",37.42049046
"2011-01-28 20:00:00",51.4160213
"2011-01-28 21:00:00",31.66431296
"2011-01-28 22:00:00",65.11053254
"2011-01-28 23:00:00",77.57355008
"2011-01-29 00:00:00",64.3557550399999
"2011-01-29 01:00:00",64.4137333
"2011-01-29 02:00:00",62.82324174
"2011-01-29 03:00:00",55.44212096
"2011-01-29 04:00:00",27.1046599
"2011-01-29 06:00:00",43.90065146
"2011-01-29 07:00:00",57.5156599
"2011-01-29 08:00:00",78.65167224
"2011-01-29 09:00:00",66.90199562
"2011-01-29 10:00:00",58.3410414
"2011-01-29 11:00:00",55.53524346
"2011-01-29 12:00:00",75.2869518
"2011-01-29 13:00:00",96.04244174
"2011-01-29 14:00:00",79.24111296
"2011-01-29 15:00:00",47.96914964
"2011-01-29 16:00:00",80.74381924
"2011-01-29 17:00:00",85.2272015
"2011-01-29 18:00:00",46.02191296
"2011-01-29 19:00:00",53.81844964
"2011-01-29 20:00:00",21.28549562
"2011-01-29 21:00:00",21.28549562
"2011-01-29 22:00:00",0
"2011-01-29 23:00:00",0
"2011-01-30 00:00:00",0
"2011-01-30 01:00:00",0
"2011-01-30 02:00:00",0
"2011-01-30 03:00:00",0
"2011-01-30 04:00:00",0
"2011-01-30 05:00:00",0
"2011-01-30 07:00:00",0
"2011-01-30 08:00:00",0
"2011-01-30 09:00:00",0
"2011-01-30 10:00:00",1.16593999999996
"2011-01-30 11:00:00",22.0636095
"2011-01-30 12:00:00",116.2729539
"2011-01-30 13:00:00",78.7214724
"2011-01-30 14:00:00",82.32251612
"2011-01-30 15:00:00",102.9274485
"2011-01-30 16:00:00",102.9274485
"2011-01-30 17:00:00",100.0636723
"2011-01-30 18:00:00",59.56181124
"2011-01-30 19:00:00",61.1523028
"2011-01-30 20:00:00",66.6210804
"2011-01-30 21:00:00",44.42031924
"2011-01-30 22:00:00",41.6145213
"2011-01-30 23:00:00",57.17676642
"2011-01-31 00:00:00",60.37615008
"2011-01-31 01:00:00",53.37314964
"2011-01-31 02:00:00",54.6122333
"2011-01-31 03:00:00",54.6122333
"2011-01-31 04:00:00",61.23198058
"2011-01-31 05:00:00",39.03121942
"2011-01-31 06:00:00",16.03521248
"2011-01-31 07:00:00",34.69893792
"2011-01-31 08:00:00",49.90443792
"2011-01-31 09:00:00",50.6996837
"2011-01-31 10:00:00",49.5185783
"2011-01-31 11:00:00",49.5185783
"2011-01-31 12:00:00",75.9094414
"2011-01-31 13:00:00",61.2331625
"2011-01-31 14:00:00",73.10364346
"2011-01-31 15:00:00",55.15395146
"2011-01-31 16:00:00",67.4635718
"2011-01-31 17:00:00",49.5185783
"2011-01-31 18:00:00",63.27880708
"2011-01-31 19:00:00",90.8633539
"2011-01-31 20:00:00",58.20279074
"2011-01-31 21:00:00",63.04291812
"2011-01-31 22:00:00",53.5634599
"2011-01-31 23:00:00",41.98811812
"2011-02-20 00:00:00",152.68406966
"2011-02-20 01:00:00",129.47653794
"2011-02-20 02:00:00",134.25334984
"2011-02-20 03:00:00",119.34475784
"2011-02-20 04:00:00",119.34475784
"2011-02-20 06:00:00",95.3210427
"2011-02-20 07:00:00",75.00939064
"2011-02-20 08:00:00",86.0495334
"2011-02-20 09:00:00",104.70737842
"2011-02-20 10:00:00",139.9880028
"2011-02-20 11:00:00",178.66407024
"2011-02-20 12:00:00",174.0538539
"2011-02-20 13:00:00",187.7569245
"2011-02-20 14:00:00",208.38813174
"2011-02-20 15:00:00",208.80285512
"2011-02-20 16:00:00",202.72065512
"2011-02-20 17:00:00",188.78164374
"2011-02-20 18:00:00",179.48641096
"2011-02-20 19:00:00",179.48641096
"2011-02-20 20:00:00",162.893618
"2011-02-20 21:00:00",123.6853405
"2011-02-20 22:00:00",110.22387858
"2011-02-20 23:00:00",93.51327024
"2011-02-21 00:00:00",164.73796148
"2011-02-21 01:00:00",164.73796148
"2011-02-21 02:00:00",164.73796148
"2011-02-21 03:00:00",163.1421327
"2011-02-21 04:00:00",144.06716224
"2011-02-21 05:00:00",183.100518
"2011-02-21 06:00:00",252.5260587
"2011-02-21 07:00:00",251.73081292
"2011-02-21 08:00:00",116.1657447
"2011-02-21 09:00:00",115.37049892
"2011-02-21 10:00:00",113.77467014
"2011-02-21 11:00:00",114.6332314
"2011-02-21 12:00:00",87.6438538
"2011-02-21 13:00:00",40.44289198
"2011-02-21 14:00:00",55.99377014
"2011-02-21 15:00:00",74.41833266
"2011-02-21 16:00:00",53.28472238
"2011-02-21 17:00:00",50.27033482
"2011-02-21 18:00:00",0
"2011-02-21 19:00:00",0
"2011-02-21 20:00:00",21.90616132
"2011-02-21 21:00:00",37.5829041599999
"2011-02-21 22:00:00",25.80549388
"2011-02-21 23:00:00",25.80549388
"2011-02-22 06:00:00",0
"2011-02-22 07:00:00",0
"2011-02-22 08:00:00",0
"2011-02-22 09:00:00",0
"2011-02-22 10:00:00",13.686065
"2011-02-22 11:00:00",42.1386625
"2011-02-22 12:00:00",65.6413334
"2011-02-22 13:00:00",82.35194174
"2011-02-22 14:00:00",83.9424333
"2011-02-22 15:00:00",106.5900213
"2011-02-22 16:00:00",94.51634174
"2011-02-22 17:00:00",93.27725808
"2011-02-22 18:00:00",105.08491296
"2011-02-22 19:00:00",98.44639692
"2011-02-22 20:00:00",99.68548058
"2011-02-22 21:00:00",101.27597214
"2011-02-22 22:00:00",97.47349864
"2011-02-22 23:00:00",97.47349864
"2011-02-23 00:00:00",69.2036008
"2011-02-23 01:00:00",84.17379874
"2011-02-23 02:00:00",69.0536819599999
"2011-02-23 03:00:00",66.25322124
"2011-02-23 05:00:00",67.4631904
"2011-02-23 06:00:00",67.4631904
"2011-02-23 07:00:00",56.88928196
"2011-02-23 08:00:00",59.84499874
"2011-02-23 09:00:00",85.34989562
"2011-02-23 10:00:00",128.626832
"2011-02-23 11:00:00",133.8829029
"2011-02-23 12:00:00",161.51583862
"2011-02-23 13:00:00",194.34500812
"2011-02-23 14:00:00",197.8553314
"2011-02-23 15:00:00",215.00977762
"2011-02-23 16:00:00",214.623918
"2011-02-23 17:00:00",215.00977762
"2011-02-23 18:00:00",206.18338562
"2011-02-23 19:00:00",178.7536485
"2011-02-23 20:00:00",74.86291924
"2011-02-23 21:00:00",115.8395015
"2011-02-23 22:00:00",115.8395015
"2011-02-23 23:00:00",89.15236912
"2011-02-24 00:00:00",91.11266912
"2011-02-24 01:00:00",75.90716912
"2011-02-24 02:00:00",53.56118762
"2011-02-24 03:00:00",51.52152096
"2011-02-24 05:00:00",36.31602096
"2011-02-24 06:00:00",35.1060518
"2011-02-24 07:00:00",25.9827518
"2011-02-24 08:00:00",45.20225008
"2011-02-24 09:00:00",35.4022122
"2011-02-24 10:00:00",59.99404792
"2011-02-24 11:00:00",122.43250432
"2011-02-24 12:00:00",148.93883454
"2011-02-24 13:00:00",161.7146892
"2011-02-24 14:00:00",179.6643812
"2011-02-24 15:00:00",178.13143032
"2011-02-24 16:00:00",142.43994342
"2011-02-24 17:00:00",110.9155233
"2011-02-24 18:00:00",33.76936148
"2011-02-24 19:00:00",19.7762327
"2011-02-24 20:00:00",17.1132530399999
"2011-02-24 21:00:00",33.76936148
"2011-02-24 22:00:00",41.65299092
"2011-02-24 23:00:00",8.58547857999992
"2011-02-25 00:00:00",17.6921404999999
"2011-02-25 01:00:00",0
"2011-02-25 02:00:00",0
"2011-02-25 03:00:00",12.9948313999999
"2011-02-25 05:00:00",12.9948313999999
"2011-02-25 06:00:00",23.83417762
"2011-02-25 07:00:00",0.506810959999967
"2011-02-25 08:00:00",27.57980296
"2011-02-25 09:00:00",24.92285304
"2011-02-25 10:00:00",61.01758748
"2011-02-25 11:00:00",136.25855916
"2011-02-25 12:00:00",206.23639694
"2011-02-25 13:00:00",206.23639694
"2011-02-25 14:00:00",232.12010668
"2011-02-25 15:00:00",247.5293197
"2011-02-25 16:00:00",146.85387044
"2011-02-25 17:00:00",157.56482236
"2011-02-25 18:00:00",148.444362
"2011-02-25 19:00:00",131.15003266
"2011-02-25 20:00:00",144.63542118
"2011-02-25 21:00:00",134.37193482
"2011-02-25 22:00:00",122.95126966
"2011-02-25 23:00:00",121.00403298
"2011-02-26 00:00:00",102.2668213
"2011-02-26 01:00:00",103.4188122
"2011-02-26 02:00:00",76.5201550399999
"2011-02-26 03:00:00",88.59731296
"2011-02-26 04:00:00",85.67706912
"2011-02-26 05:00:00",69.8825109
"2011-02-26 06:00:00",79.4419095
"2011-02-26 07:00:00",79.82776912
"2011-02-26 08:00:00",91.0765015
"2011-02-26 09:00:00",104.54281124
"2011-02-26 10:00:00",140.17244146
"2011-02-26 11:00:00",148.1413485
"2011-02-26 12:00:00",159.71796224
"2011-02-26 13:00:00",174.97796214
"2011-02-26 14:00:00",192.78606148
"2011-02-26 15:00:00",188.41216842
"2011-02-26 16:00:00",164.31626842
"2011-02-26 17:00:00",174.67865208
"2011-02-26 18:00:00",158.1742313
"2011-02-26 19:00:00",142.05567014
"2011-02-26 20:00:00",114.63127024
"2011-02-26 21:00:00",81.85660064
"2011-02-26 22:00:00",49.85510908
"2011-02-26 23:00:00",48.64513992
"2011-02-27 00:00:00",0
"2011-02-27 01:00:00",0
"2011-02-27 02:00:00",0
"2011-02-27 03:00:00",0
"2011-02-27 04:00:00",0
"2011-02-27 06:00:00",0
"2011-02-27 07:00:00",0
"2011-02-27 08:00:00",0
"2011-02-27 09:00:00",3.25391611999998
"2011-02-27 10:00:00",26.84197024
"2011-02-27 11:00:00",100.35380296
"2011-02-27 12:00:00",142.66002862
"2011-02-27 13:00:00",164.921757
"2011-02-27 14:00:00",175.48919812
"2011-02-27 15:00:00",192.75441296
"2011-02-27 16:00:00",200.13553374
"2011-02-27 17:00:00",153.9882638
"2011-02-27 18:00:00",148.2320863
"2011-02-27 19:00:00",145.04576596
"2011-02-27 20:00:00",142.66002862
"2011-02-27 21:00:00",116.52750274
"2011-02-27 22:00:00",119.1904824
"2011-02-27 23:00:00",107.79893174
"2011-02-28 00:00:00",98.8048009
"2011-02-28 01:00:00",35.32825304
"2011-02-28 03:00:00",9.79296223999991
"2011-02-28 05:00:00",9.75781799999995
"2011-02-28 06:00:00",1.81562339999995
"2011-02-28 07:00:00",16.6951009
"2011-02-28 08:00:00",8.04603269999993
"2011-02-28 09:00:00",75.57991292
"2011-02-28 10:00:00",151.8578965
"2011-02-28 11:00:00",177.3739592
"2011-02-28 12:00:00",177.3739592
"2011-02-28 13:00:00",59.14046208
"2011-02-28 14:00:00",33.3339587
"2011-02-28 15:00:00",33.3339587
"2011-02-28 16:00:00",24.57024346
"2011-02-28 17:00:00",27.5777812
"2011-02-28 18:00:00",57.5446333
"2011-02-28 19:00:00",92.33929818
"2011-02-28 20:00:00",92.33929818
"2011-02-28 21:00:00",60.25963832
"2011-02-28 22:00:00",20.26797338
"2011-02-28 23:00:00",43.56520432
"2011-03-20 00:00:00",140.41747338
"2011-03-20 01:00:00",119.31057554
"2011-03-20 02:00:00",117.01022142
"2011-03-20 03:00:00",97.46470064
"2011-03-20 04:00:00",90.11803158
"2011-03-20 05:00:00",76.3578028
"2011-03-20 06:00:00",77.95363158
"2011-03-20 07:00:00",67.77205008
"2011-03-20 08:00:00",92.68788874
"2011-03-20 09:00:00",113.43804146
"2011-03-20 10:00:00",148.0141405
"2011-03-20 11:00:00",167.3487234
"2011-03-20 12:00:00",170.0638009
"2011-03-20 13:00:00",192.9145875
"2011-03-20 14:00:00",210.8642795
"2011-03-20 15:00:00",209.56422862
"2011-03-20 16:00:00",210.538257
"2011-03-20 17:00:00",210.79513542
"2011-03-20 18:00:00",193.78590954
"2011-03-20 19:00:00",161.67776842
"2011-03-20 20:00:00",152.55446842
"2011-03-20 21:00:00",131.35989092
"2011-03-20 22:00:00",129.32556148
"2011-03-20 23:00:00",114.03238182
"2011-03-21 00:00:00",123.46918182
"2011-03-21 01:00:00",102.41438182
"2011-03-21 02:00:00",99.22806148
"2011-03-21 03:00:00",99.22806148
"2011-03-21 05:00:00",60.0120447
"2011-03-21 06:00:00",84.52507014
"2011-03-21 07:00:00",49.65510388
"2011-03-21 08:00:00",43.8058038800001
"2011-03-21 09:00:00",68.81706148
"2011-03-21 10:00:00",116.39373832
"2011-03-21 11:00:00",138.3585587
"2011-03-21 12:00:00",123.50617614
"2011-03-21 13:00:00",181.78873158
"2011-03-21 14:00:00",190.31821558
"2011-03-21 15:00:00",208.23879308
"2011-03-21 16:00:00",193.50453592
"2011-03-21 17:00:00",191.90870714
"2011-03-21 18:00:00",160.20412358
"2011-03-21 19:00:00",218.52899188
"2011-03-21 20:00:00",188.6292643
"2011-03-21 21:00:00",68.5280333
"2011-03-21 22:00:00",88.37046208
"2011-03-21 23:00:00",81.20257562
"2011-03-22 00:00:00",88.7349333
"2011-03-22 01:00:00",37.51394346
"2011-03-22 02:00:00",59.16009812
"2011-03-22 03:00:00",102.82118458
"2011-03-22 04:00:00",99.69887224
"2011-03-22 05:00:00",77.14136596
"2011-03-22 06:00:00",77.66470664
"2011-03-22 07:00:00",109.0029744
"2011-03-22 08:00:00",174.0969812
"2011-03-22 09:00:00",182.86069644
"2011-03-22 10:00:00",197.8028507
"2011-03-22 11:00:00",202.67267948
"2011-03-22 12:00:00",216.60635364
"2011-03-22 13:00:00",232.63953158
"2011-03-22 14:00:00",247.34022648
"2011-03-22 15:00:00",241.76283158
"2011-03-22 16:00:00",235.3901909
"2011-03-22 17:00:00",235.3901909
"2011-03-22 18:00:00",222.75656762
"2011-03-22 19:00:00",195.41177614
"2011-03-22 20:00:00",200.98917104
"2011-03-22 21:00:00",191.22231292
"2011-03-22 22:00:00",171.70590664
"2011-03-22 23:00:00",171.70590664
"2011-03-23 00:00:00",118.02755208
"2011-03-23 01:00:00",92.64047058
"2011-03-23 02:00:00",92.64047058
"2011-03-23 03:00:00",88.38166214
"2011-03-23 05:00:00",56.2326538
"2011-03-23 06:00:00",54.92956214
"2011-03-23 07:00:00",29.3071785799999
"2011-03-23 08:00:00",50.3833538
"2011-03-23 09:00:00",67.39087014
"2011-03-23 10:00:00",74.77199092
"2011-03-23 11:00:00",56.1395313
"2011-03-23 12:00:00",53.33907058
"2011-03-23 13:00:00",58.80251096
"2011-03-23 14:00:00",61.5443009
"2011-03-23 15:00:00",93.30402308
"2011-03-23 16:00:00",117.33591508
"2011-03-23 17:00:00",117.33591508
"2011-03-23 18:00:00",100.74381464
"2011-03-23 19:00:00",100.74381464
"2011-03-23 20:00:00",78.42709696
"2011-03-23 21:00:00",19.82669588
"2011-03-23 22:00:00",30.54626224
"2011-03-23 23:00:00",41.1514365
"2011-03-24 00:00:00",31.2674785799999
"2011-03-24 01:00:00",4.22360107999998
"2011-03-24 02:00:00",5.81409263999998
"2011-03-24 03:00:00",0
"2011-03-24 04:00:00",0
"2011-03-24 05:00:00",19.7260090799999
"2011-03-24 06:00:00",19.7260090799999
"2011-03-24 07:00:00",0
"2011-03-24 08:00:00",0
"2011-03-24 09:00:00",13.96983158
"2011-03-24 10:00:00",10.72553298
"2011-03-24 11:00:00",61.5606632
"2011-03-24 12:00:00",96.60859198
"2011-03-24 13:00:00",101.21277858
"2011-03-24 14:00:00",95.07074146
"2011-03-24 15:00:00",97.04709264
"2011-03-24 16:00:00",110.66210108
"2011-03-24 17:00:00",95.45660108
"2011-03-24 18:00:00",122.3826632
"2011-03-24 19:00:00",136.52101232
"2011-03-24 20:00:00",109.98193992
"2011-03-24 21:00:00",93.27133158
"2011-03-24 22:00:00",90.08501124
"2011-03-24 23:00:00",81.4939213
"2011-03-25 00:00:00",98.6597213
"2011-03-25 01:00:00",62.55414974
"2011-03-25 02:00:00",61.34418058
"2011-03-25 03:00:00",63.7932334
"2011-03-25 04:00:00",42.8024414
"2011-03-25 05:00:00",41.59247224
"2011-03-25 06:00:00",40.35338858
"2011-03-25 07:00:00",94.49766304
"2011-03-25 08:00:00",125.02647842
"2011-03-25 09:00:00",136.3049122
"2011-03-25 10:00:00",134.980296
"2011-03-25 11:00:00",170.78142142
"2011-03-25 12:00:00",184.06507014
"2011-03-25 13:00:00",194.4274538
"2011-03-25 14:00:00",230.00444298
"2011-03-25 15:00:00",213.94626214
"2011-03-25 16:00:00",217.9941327
"2011-03-25 17:00:00",209.34207554
"2011-03-25 18:00:00",187.43219264
"2011-03-25 19:00:00",204.00062142
"2011-03-25 20:00:00",191.30514146
"2011-03-25 21:00:00",192.90097024
"2011-03-25 22:00:00",190.12791448
"2011-03-25 23:00:00",181.95154792
"2011-03-26 00:00:00",183.91184792
"2011-03-26 01:00:00",174.4615042
"2011-03-26 02:00:00",145.08815808
"2011-03-26 03:00:00",128.6128518
"2011-03-26 04:00:00",145.08815808
"2011-03-26 05:00:00",116.4484518
"2011-03-26 06:00:00",98.4987598
"2011-03-26 07:00:00",116.4484518
"2011-03-26 08:00:00",144.73141296
"2011-03-26 09:00:00",159.61089046
"2011-03-26 10:00:00",166.99201124
"2011-03-26 11:00:00",181.87148874
"2011-03-26 12:00:00",195.3294723
"2011-03-26 13:00:00",211.80477858
"2011-03-26 14:00:00",229.75447058
"2011-03-26 15:00:00",232.5549313
"2011-03-26 16:00:00",250.8015313
"2011-03-26 17:00:00",239.17467858
"2011-03-26 18:00:00",255.38636224
"2011-03-26 19:00:00",171.20990064
"2011-03-26 20:00:00",171.20990064
"2011-03-26 21:00:00",165.3085028
"2011-03-26 22:00:00",181.78380908
"2011-03-26 23:00:00",165.66524792
"2011-03-27 00:00:00",161.07951124
"2011-03-27 01:00:00",119.0363213
"2011-03-27 02:00:00",114.4024333
"2011-03-27 03:00:00",63.24128058
"2011-03-27 04:00:00",43.48957224
"2011-03-27 06:00:00",0
"2011-03-27 07:00:00",0
"2011-03-27 08:00:00",51.54268058
"2011-03-27 09:00:00",99.51751296
"2011-03-27 10:00:00",105.72355808
"2011-03-27 11:00:00",134.00651924
"2011-03-27 12:00:00",155.14253158
"2011-03-27 13:00:00",176.04020108
"2011-03-27 14:00:00",192.15876224
"2011-03-27 15:00:00",194.10599892
"2011-03-27 16:00:00",195.2334245
"2011-03-27 17:00:00",207.71567014
"2011-03-27 18:00:00",192.6909723
"2011-03-27 19:00:00",200.36900108
"2011-03-27 20:00:00",176.19188874
"2011-03-27 21:00:00",155.23021124
"2011-03-27 22:00:00",155.23021124
"2011-03-27 23:00:00",147.6974028
"2011-03-28 00:00:00",104.6641333
"2011-03-28 01:00:00",138.1162333
"2011-03-28 02:00:00",136.52574174
"2011-03-28 03:00:00",136.52574174
"2011-03-28 05:00:00",125.1904598
"2011-03-28 06:00:00",152.94621942
"2011-03-28 07:00:00",167.17567148
"2011-03-28 08:00:00",159.94148058
"2011-03-28 09:00:00",177.62915808
"2011-03-28 10:00:00",182.0515213
"2011-03-28 11:00:00",198.43914792
"2011-03-28 12:00:00",207.3299855
"2011-03-28 13:00:00",229.46630108
"2011-03-28 14:00:00",235.45537858
"2011-03-28 15:00:00",232.55949892
"2011-03-28 16:00:00",238.19957058
"2011-03-28 17:00:00",237.7557327
"2011-03-28 18:00:00",241.68279892
"2011-03-28 19:00:00",229.31334146
"2011-03-28 20:00:00",237.9044314
"2011-03-28 21:00:00",242.53602296
"2011-03-28 22:00:00",229.69920108
"2011-03-28 23:00:00",217.4169857
"2011-03-29 00:00:00",198.62713298
"2011-03-29 01:00:00",179.0816122
"2011-03-29 02:00:00",179.0816122
"2011-03-29 03:00:00",179.0816122
"2011-03-29 04:00:00",132.70074974
"2011-03-29 05:00:00",160.12514964
"2011-03-29 06:00:00",150.3518242
"2011-03-29 07:00:00",149.14185504
"2011-03-29 08:00:00",173.14463254
"2011-03-29 09:00:00",211.99503482
"2011-03-29 10:00:00",225.1334632
"2011-03-29 11:00:00",244.26528182
"2011-03-29 12:00:00",235.28763974
"2011-03-29 13:00:00",233.6338327
"2011-03-29 14:00:00",241.42433964
"2011-03-29 15:00:00",258.83712308
"2011-03-29 16:00:00",264.77410274
"2011-03-29 17:00:00",275.04576596
"2011-03-29 18:00:00",253.65205512
"2011-03-29 19:00:00",242.9603313
"2011-03-29 20:00:00",253.65205512
"2011-03-29 21:00:00",183.646918
"2011-03-29 22:00:00",162.359218
"2011-03-29 23:00:00",139.2755314
"2011-03-30 00:00:00",140.0838405
"2011-03-30 01:00:00",188.9743405
"2011-03-30 02:00:00",140.0838405
"2011-03-30 03:00:00",164.4126405
"2011-03-30 04:00:00",140.0838405
"2011-03-30 05:00:00",134.4758723
"2011-03-30 06:00:00",156.97354146
"2011-03-30 07:00:00",177.7290314
"2011-03-30 08:00:00",164.35466224
"2011-03-30 09:00:00",175.27997858
"2011-03-30 10:00:00",178.02417058
"2011-03-30 11:00:00",179.61466214
"2011-03-30 12:00:00",179.23413974
"2011-03-30 13:00:00",188.20575208
"2011-03-30 14:00:00",187.7619142
"2011-03-30 15:00:00",59.6934857
"2011-03-30 16:00:00",43.45210064
"2011-03-30 17:00:00",15.8824803999999
"2011-03-30 18:00:00",12.00953158
"2011-03-30 19:00:00",12.00953158
"2011-03-30 20:00:00",7.23341219999997
"2011-03-30 21:00:00",3.41844163999996
"2011-03-30 22:00:00",7.67725007999999
"2011-03-30 23:00:00",6.43816641999997
"2011-03-31 00:00:00",9.63755007999999
"2011-03-31 01:00:00",8.04172129999998
"2011-03-31 02:00:00",8.04172129999998
"2011-03-31 03:00:00",9.63755007999999
"2011-03-31 04:00:00",11.22804164
"2011-03-31 05:00:00",9.63755007999999
"2011-03-31 06:00:00",9.19371219999997
"2011-03-31 07:00:00",11.22804164
"2011-03-31 08:00:00",0
"2011-03-31 09:00:00",16.9842191399999
"2011-03-31 10:00:00",16.9842191399999
"2011-03-31 11:00:00",23.9794803
"2011-03-31 12:00:00",23.9794803
"2011-03-31 13:00:00",49.22134146
"2011-03-31 14:00:00",49.22134146
"2011-03-31 15:00:00",49.1633632
"2011-03-31 16:00:00",45.34839264
"2011-03-31 17:00:00",45.34839264
"2011-03-31 18:00:00",43.37204146
"2011-03-31 19:00:00",43.37204146
"2011-03-31 20:00:00",24.3653399199999
"2011-03-31 21:00:00",16.5396887399999
"2011-03-31 22:00:00",27.16580064
"2011-03-31 23:00:00",0
"2011-04-20 00:00:00",81.75273546
"2011-04-20 01:00:00",59.31667224
"2011-04-20 02:00:00",59.31667224
"2011-04-20 03:00:00",50.552957
"2011-04-20 04:00:00",32.1275743999999
"2011-04-20 05:00:00",55.1509862999999
"2011-04-20 06:00:00",59.31667224
"2011-04-20 07:00:00",56.338249
"2011-04-20 08:00:00",217.83392944
"2011-04-20 09:00:00",239.71983392
"2011-04-20 10:00:00",197.92076162
"2011-04-20 11:00:00",197.92076162
"2011-04-20 12:00:00",296.37299832
"2011-04-20 13:00:00",296.37299832
"2011-04-20 14:00:00",327.40314044
"2011-04-20 15:00:00",348.66583754
"2011-04-20 16:00:00",348.66583754
"2011-04-20 17:00:00",339.98466588
"2011-04-20 18:00:00",352.23674554
"2011-04-20 19:00:00",333.46108514
"2011-04-20 20:00:00",319.7126609
"2011-04-20 21:00:00",315.74733392
"2011-04-20 22:00:00",296.22622914
"2011-04-20 23:00:00",301.89434448
"2011-04-21 00:00:00",267.13697954
"2011-04-21 01:00:00",242.34542358
"2011-04-21 02:00:00",254.44714682
"2011-04-21 03:00:00",225.36664344
"2011-04-21 04:00:00",209.69192016
"2011-04-21 05:00:00",209.47868584
"2011-04-21 06:00:00",193.15393712
"2011-04-21 07:00:00",225.98957394
"2011-04-21 08:00:00",212.700588
"2011-04-21 09:00:00",216.43061292
"2011-04-21 10:00:00",223.68617904
"2011-04-21 11:00:00",234.61320492
"2011-04-21 12:00:00",243.12004174
"2011-04-21 13:00:00",272.87454898
"2011-04-21 14:00:00",278.77594682
"2011-04-21 15:00:00",301.35723038
"2011-04-21 16:00:00",304.25311004
"2011-04-21 17:00:00",282.03141124
"2011-04-21 18:00:00",300.56845192
"2011-04-21 19:00:00",279.90368242
"2011-04-21 20:00:00",260.09683546
"2011-04-21 21:00:00",205.7991638
"2011-04-21 22:00:00",227.59700612
"2011-04-21 23:00:00",207.4305744
"2011-04-22 00:00:00",136.0236233
"2011-04-22 01:00:00",162.15443964
"2011-04-22 02:00:00",164.5455142
"2011-04-22 03:00:00",164.5455142
"2011-04-22 04:00:00",157.99409092
"2011-04-22 05:00:00",154.80777058
"2011-04-22 06:00:00",157.99409092
"2011-04-22 07:00:00",163.84339092
"2011-04-22 08:00:00",162.24756214
"2011-04-22 09:00:00",141.7337327
"2011-04-22 10:00:00",141.8729233
"2011-04-22 11:00:00",129.7725313
"2011-04-22 12:00:00",96.17521096
"2011-04-22 13:00:00",65.9094313
"2011-04-22 14:00:00",64.6994621400001
"2011-04-22 15:00:00",65.9094313
"2011-04-22 16:00:00",62.72311096
"2011-04-22 17:00:00",39.07707858
"2011-04-22 18:00:00",39.07707858
"2011-04-22 19:00:00",39.07707858
"2011-04-22 20:00:00",57.32367858
"2011-04-22 21:00:00",34.5308702399999
"2011-04-22 22:00:00",11.64734146
"2011-04-22 23:00:00",41.5261313999999
"2011-04-23 00:00:00",16.7299538
"2011-04-23 01:00:00",16.7299538
"2011-04-23 02:00:00",23.78922296
"2011-04-23 03:00:00",21.40348562
"2011-04-23 04:00:00",26.802918
"2011-04-23 05:00:00",26.802918
"2011-04-23 06:00:00",20.89563974
"2011-04-23 07:00:00",26.74493974
"2011-04-23 08:00:00",27.03233964
"2011-04-23 09:00:00",66.6732892
"2011-04-23 10:00:00",92.47979258
"2011-04-23 11:00:00",104.02126208
"2011-04-23 12:00:00",141.05843038
"2011-04-23 13:00:00",139.46793882
"2011-04-23 14:00:00",170.40437154
"2011-04-23 15:00:00",201.78357132
"2011-04-23 16:00:00",196.20617642
"2011-04-23 17:00:00",198.59725098
"2011-04-23 18:00:00",161.6406563
"2011-04-23 19:00:00",145.43201342
"2011-04-23 20:00:00",128.72380714
"2011-04-23 21:00:00",151.28131342
"2011-04-23 22:00:00",170.67627664
"2011-04-23 23:00:00",123.94699524
"2011-04-24 00:00:00",118.94242358
"2011-04-24 01:00:00",96.3558028
"2011-04-24 02:00:00",96.3558028
"2011-04-24 03:00:00",72.53714512
"2011-04-24 04:00:00",72.53714512
"2011-04-24 05:00:00",72.53714512
"2011-04-24 06:00:00",55.357696
"2011-04-24 07:00:00",55.357696
"2011-04-24 08:00:00",85.49032358
"2011-04-24 09:00:00",116.86888464
"2011-04-24 10:00:00",158.46994624
"2011-04-24 11:00:00",213.70606446
"2011-04-24 12:00:00",225.86399714
"2011-04-24 13:00:00",254.50370342
"2011-04-24 14:00:00",269.05917798
"2011-04-24 15:00:00",232.24310514
"2011-04-24 16:00:00",297.63727832
"2011-04-24 17:00:00",222.4697797
"2011-04-24 18:00:00",197.38131574
"2011-04-24 19:00:00",156.91028292
"2011-04-24 20:00:00",156.91028292
"2011-04-24 21:00:00",99.78789524
"2011-04-24 22:00:00",81.54129524
"2011-04-24 23:00:00",77.55972912
"2011-04-25 00:00:00",68.9525879999999
"2011-04-25 01:00:00",67.82142912
"2011-04-25 02:00:00",67.82142912
"2011-04-25 03:00:00",62.8953909
"2011-04-25 04:00:00",63.103288
"2011-04-25 05:00:00",45.7765265
"2011-04-25 06:00:00",57.317996
"2011-04-25 07:00:00",67.88543712
"2011-04-25 08:00:00",110.8660524
"2011-04-25 09:00:00",139.20351346
"2011-04-25 10:00:00",190.36353608
"2011-04-25 11:00:00",190.36353608
"2011-04-25 12:00:00",194.66910514
"2011-04-25 13:00:00",231.98998308
"2011-04-25 14:00:00",271.22737508
"2011-04-25 15:00:00",281.71056308
"2011-04-25 16:00:00",272.60996954
"2011-04-25 17:00:00",269.4236492
"2011-04-25 18:00:00",257.73049204
"2011-04-25 19:00:00",250.35470848
"2011-04-25 20:00:00",235.79923392
"2011-04-25 21:00:00",202.75853964
"2011-04-25 22:00:00",187.1999222
"2011-04-25 23:00:00",156.62130542
"2011-04-26 00:00:00",206.31466842
"2011-04-26 01:00:00",189.72486442
"2011-04-26 02:00:00",139.98188798
"2011-04-26 03:00:00",116.62913592
"2011-04-26 04:00:00",135.99498464
"2011-04-26 05:00:00",115.03330714
"2011-04-26 06:00:00",119.19899308
"2011-04-26 07:00:00",144.1713512
"2011-04-26 08:00:00",144.1713512
"2011-04-26 09:00:00",199.49172254
"2011-04-26 10:00:00",217.41230004
"2011-04-26 11:00:00",236.95782082
"2011-04-26 12:00:00",256.46888988
"2011-04-26 13:00:00",295.62089866
"2011-04-26 14:00:00",266.60066998
"2011-04-26 15:00:00",253.28256954
"2011-04-26 16:00:00",264.00169832
"2011-04-26 17:00:00",247.52639204
"2011-04-26 18:00:00",240.14414116
"2011-04-26 19:00:00",202.67804288
"2011-04-26 20:00:00",199.49172254
"2011-04-26 21:00:00",174.51936442
"2011-04-26 22:00:00",150.1994338
"2011-04-26 23:00:00",151.79526258
"2011-04-27 00:00:00",147.90626258
"2011-04-27 01:00:00",149.49675414
"2011-04-27 02:00:00",128.53507664
"2011-04-27 03:00:00",135.98020542
"2011-04-27 04:00:00",102.91269308
"2011-04-27 05:00:00",110.35248464
"2011-04-27 06:00:00",104.50318464
"2011-04-27 07:00:00",135.98020542
"2011-04-27 08:00:00",138.37127998
"2011-04-27 09:00:00",144.50797988
"2011-04-27 10:00:00",162.72717492
"2011-04-27 11:00:00",183.68885242
"2011-04-27 12:00:00",186.01591898
"2011-04-27 13:00:00",178.6347982
"2011-04-27 14:00:00",205.97082592
"2011-04-27 15:00:00",250.246356
"2011-04-27 16:00:00",229.46879832
"2011-04-27 17:00:00",185.69533932
"2011-04-27 18:00:00",185.69533932
"2011-04-27 19:00:00",176.47966442
"2011-04-27 20:00:00",160.62883748
"2011-04-27 21:00:00",137.24697092
"2011-04-27 22:00:00",145.48734548
"2011-04-27 23:00:00",147.07783704
"2011-04-28 00:00:00",183.78141854
"2011-04-28 01:00:00",170.26486982
"2011-04-28 02:00:00",173.45119016
"2011-04-28 03:00:00",191.22654732
"2011-04-28 04:00:00",171.85536138
"2011-04-28 05:00:00",170.26486982
"2011-04-28 06:00:00",195.20811344
"2011-04-28 07:00:00",194.41286766
"2011-04-28 08:00:00",200.19815966
"2011-04-28 09:00:00",153.29694548
"2011-04-28 10:00:00",145.05657092
"2011-04-28 11:00:00",164.68747492
"2011-04-28 12:00:00",182.69343564
"2011-04-28 13:00:00",165.4827207
"2011-04-28 14:00:00",159.6334207
"2011-04-28 15:00:00",219.74240848
"2011-04-28 16:00:00",176.84413564
"2011-04-28 17:00:00",286.87721204
"2011-04-28 18:00:00",286.87721204
"2011-04-28 19:00:00",294.4954037
"2011-04-28 20:00:00",265.75438508
"2011-04-28 21:00:00",246.06364396
"2011-04-28 22:00:00",244.94439524
"2011-04-28 23:00:00",259.20942912
"2011-04-29 00:00:00",265.73864392
"2011-04-29 01:00:00",231.35254512
"2011-04-29 02:00:00",165.8665214
"2011-04-29 03:00:00",177.23567562
"2011-04-29 04:00:00",203.95021296
"2011-04-29 05:00:00",216.11461296
"2011-04-29 06:00:00",241.70675192
"2011-04-29 07:00:00",251.8331948
"2011-04-29 08:00:00",272.3191817
"2011-04-29 09:00:00",273.91501048
"2011-04-29 10:00:00",274.23901342
"2011-04-29 11:00:00",306.31974958
"2011-04-29 12:00:00",283.36231342
"2011-04-29 13:00:00",284.1575592
"2011-04-29 14:00:00",321.02044448
"2011-04-29 15:00:00",280.8835592
"2011-04-29 16:00:00",272.23150204
"2011-04-29 17:00:00",258.91873882
"2011-04-29 18:00:00",242.35031004
"2011-04-29 19:00:00",202.14535698
"2011-04-29 20:00:00",223.64095408
"2011-04-29 21:00:00",207.1365333
"2011-04-29 22:00:00",172.71687224
"2011-04-29 23:00:00",192.53429812
"2011-04-30 00:00:00",203.25297614
"2011-04-30 01:00:00",198.47616424
"2011-04-30 02:00:00",201.66248458
"2011-04-30 03:00:00",194.2813638
"2011-04-30 04:00:00",195.87719258
"2011-04-30 05:00:00",198.79160782
"2011-04-30 06:00:00",175.29363542
"2011-04-30 07:00:00",193.03543032
"2011-04-30 08:00:00",188.2532812
"2011-04-30 09:00:00",212.10437104
"2011-04-30 10:00:00",246.52936932
"2011-04-30 11:00:00",256.77191804
"2011-04-30 12:00:00",264.15303882
"2011-04-30 13:00:00",274.2794817
"2011-04-30 14:00:00",270.29791558
"2011-04-30 15:00:00",277.35414396
"2011-04-30 16:00:00",286.3257563
"2011-04-30 17:00:00",259.10754396
"2011-04-30 18:00:00",253.35136646
"2011-04-30 19:00:00",253.35136646
"2011-04-30 20:00:00",166.70223546
"2011-04-30 21:00:00",166.70223546
"2011-04-30 22:00:00",149.9062439
"2011-04-30 23:00:00",149.9062439
"2011-05-20 00:00:00",70.79717562
"2011-05-20 01:00:00",47.7684265
"2011-05-20 02:00:00",46.79439812
"2011-05-20 03:00:00",42.012249
"2011-05-20 04:00:00",65.04099812
"2011-05-20 05:00:00",65.8362439
"2011-05-20 06:00:00",89.8390214
"2011-05-20 07:00:00",138.01891124
"2011-05-20 08:00:00",168.19568
"2011-05-20 09:00:00",180.14571558
"2011-05-20 10:00:00",196.4704643
"2011-05-20 11:00:00",220.2694563
"2011-05-20 12:00:00",259.01974114
"2011-05-20 13:00:00",266.46486992
"2011-05-20 14:00:00",262.06313758
"2011-05-20 15:00:00",255.8334208
"2011-05-20 16:00:00",263.36622924
"2011-05-20 17:00:00",250.113102
"2011-05-20 18:00:00",248.39362924
"2011-05-20 19:00:00",196.68369862
"2011-05-20 20:00:00",197.4789444
"2011-05-20 21:00:00",191.6936524
"2011-05-20 22:00:00",152.99018
"2011-05-20 23:00:00",159.00970324
"2011-05-21 00:00:00",142.5781829
"2011-05-21 01:00:00",152.206288
"2011-05-21 02:00:00",157.7836829
"2011-05-21 03:00:00",115.8312134
"2011-05-21 04:00:00",93.38981296
"2011-05-21 05:00:00",91.7993214
"2011-05-21 06:00:00",123.17788246
"2011-05-21 07:00:00",162.11836646
"2011-05-21 08:00:00",191.04851342
"2011-05-21 09:00:00",224.81516008
"2011-05-21 10:00:00",228.9257074
"2011-05-21 11:00:00",260.60117646
"2011-05-21 12:00:00",263.916478
"2011-05-21 13:00:00",286.267158
"2011-05-21 14:00:00",301.1466355
"2011-05-21 15:00:00",305.56386264
"2011-05-21 16:00:00",329.65976264
"2011-05-21 17:00:00",315.75965074
"2011-05-21 18:00:00",300.88017324
"2011-05-21 19:00:00",287.58878524
"2011-05-21 20:00:00",223.3483125
"2011-05-21 21:00:00",228.9257074
"2011-05-21 22:00:00",200.40210696
"2011-05-21 23:00:00",156.06859862
"2011-05-22 00:00:00",106.33589524
"2011-05-22 01:00:00",80.70817446
"2011-05-22 02:00:00",79.1176829
"2011-05-22 03:00:00",55.0857909
"2011-05-22 04:00:00",49.508396
"2011-05-22 05:00:00",55.0857909
"2011-05-22 06:00:00",79.1176829
"2011-05-22 07:00:00",103.1495749
"2011-05-22 08:00:00",174.09016962
"2011-05-22 09:00:00",192.8351074
"2011-05-22 10:00:00",207.94988696
"2011-05-22 11:00:00",261.8859543
"2011-05-22 12:00:00",282.6438463
"2011-05-22 13:00:00",257.78961358
"2011-05-22 14:00:00",209.3105193
"2011-05-22 15:00:00",233.31559324
"2011-05-22 16:00:00",231.65575646
"2011-05-22 17:00:00",252.90787464
"2011-05-22 18:00:00",230.65261358
"2011-05-22 19:00:00",229.0567848
"2011-05-22 20:00:00",209.54571574
"2011-05-22 21:00:00",181.0221153
"2011-05-22 22:00:00",137.24321346
"2011-05-22 23:00:00",137.33633596
"2011-05-23 00:00:00",118.30584396
"2011-05-23 01:00:00",110.8660524
"2011-05-23 02:00:00",125.75097274
"2011-05-23 03:00:00",101.74819524
"2011-05-23 04:00:00",87.13518
"2011-05-23 05:00:00",87.13518
"2011-05-23 06:00:00",68.88858
"2011-05-23 07:00:00",98.4687524
"2011-05-23 08:00:00",122.7880443
"2011-05-23 09:00:00",124.38387308
"2011-05-23 10:00:00",197.0601797
"2011-05-23 11:00:00",222.83312082
"2011-05-23 12:00:00",222.83312082
"2011-05-23 13:00:00",281.02265938
"2011-05-23 14:00:00",273.07576628
"2011-05-23 15:00:00",269.09420016
"2011-05-23 16:00:00",261.1257307
"2011-05-23 17:00:00",247.42837982
"2011-05-23 18:00:00",212.23180742
"2011-05-23 19:00:00",209.04548708
"2011-05-23 20:00:00",151.13084258
"2011-05-23 21:00:00",132.88424258
"2011-05-23 22:00:00",107.49716108
"2011-05-23 23:00:00",134.3935218
"2011-05-24 00:00:00",103.5293508
"2011-05-24 01:00:00",101.93885924
"2011-05-24 02:00:00",103.5293508
"2011-05-24 03:00:00",106.2143444
"2011-05-24 04:00:00",119.9715324
"2011-05-24 05:00:00",114.17747664
"2011-05-24 06:00:00",110.9911563
"2011-05-24 07:00:00",182.7957033
"2011-05-24 08:00:00",163.42985458
"2011-05-24 09:00:00",196.5773073
"2011-05-24 10:00:00",251.69207798
"2011-05-24 11:00:00",283.67086308
"2011-05-24 12:00:00",316.43735582
"2011-05-24 13:00:00",312.00832414
"2011-05-24 14:00:00",313.60415292
"2011-05-24 15:00:00",297.95555938
"2011-05-24 16:00:00",208.6485848
"2011-05-24 17:00:00",239.7420424
"2011-05-24 18:00:00",217.1489543
"2011-05-24 19:00:00",193.4430848
"2011-05-24 20:00:00",187.87102712
"2011-05-24 21:00:00",165.52504562
"2011-05-24 22:00:00",143.79895058
"2011-05-24 23:00:00",203.55119324
"2011-05-25 00:00:00",159.60486258
"2011-05-25 01:00:00",152.2528563
"2011-05-25 02:00:00",96.8119575
"2011-05-25 03:00:00",74.12776646
"2011-05-25 04:00:00",72.5372749
"2011-05-25 05:00:00",113.99140662
"2011-05-25 06:00:00",95.74480662
"2011-05-25 07:00:00",183.71669496
"2011-05-25 08:00:00",206.44853608
"2011-05-25 09:00:00",222.98651912
"2011-05-25 10:00:00",240.90709662
"2011-05-25 11:00:00",278.46327662
"2011-05-25 12:00:00",273.08090346
"2011-05-25 13:00:00",273.08090346
"2011-05-25 14:00:00",274.67673224
"2011-05-25 15:00:00",294.36213614
"2011-05-25 16:00:00",288.81748342
"2011-05-25 17:00:00",285.63116308
"2011-05-25 18:00:00",262.98357508
"2011-05-25 19:00:00",243.29283396
"2011-05-25 20:00:00",244.88866274
"2011-05-25 21:00:00",207.42256446
"2011-05-25 22:00:00",213.79520514
"2011-05-25 23:00:00",189.50198696
"2011-05-26 00:00:00",191.46228696
"2011-05-26 01:00:00",191.46228696
"2011-05-26 02:00:00",149.2792139
"2011-05-26 03:00:00",123.09688662
"2011-05-26 04:00:00",118.3147375
"2011-05-26 05:00:00",128.94618662
"2011-05-26 06:00:00",79.20588912
"2011-05-26 07:00:00",120.81785264
"2011-05-26 08:00:00",169.85630374
"2011-05-26 09:00:00",229.66064424
"2011-05-26 10:00:00",218.11270742
"2011-05-26 11:00:00",250.79665658
"2011-05-26 12:00:00",293.59951048
"2011-05-26 13:00:00",324.03760542
"2011-05-26 14:00:00",324.03760542
"2011-05-26 15:00:00",343.73721592
"2011-05-26 16:00:00",332.81019004
"2011-05-26 17:00:00",327.70633442
"2011-05-26 18:00:00",330.09740898
"2011-05-26 19:00:00",319.91582748
"2011-05-26 20:00:00",261.75755474
"2011-05-26 21:00:00",250.00787812
"2011-05-26 22:00:00",233.08873396
"2011-05-26 23:00:00",236.2750543
"2011-05-27 00:00:00",223.50109714
"2011-05-27 01:00:00",265.1004492
"2011-05-27 02:00:00",246.23940558
"2011-05-27 03:00:00",221.12182712
"2011-05-27 04:00:00",205.58698696
"2011-05-27 05:00:00",225.71985642
"2011-05-27 06:00:00",203.20124962
"2011-05-27 07:00:00",195.01841574
"2011-05-27 08:00:00",204.10613392
"2011-05-27 09:00:00",243.01750342
"2011-05-27 10:00:00",287.83229032
"2011-05-27 11:00:00",293.21034748
"2011-05-27 12:00:00",297.3998107
"2011-05-27 13:00:00",271.0645238
"2011-05-27 14:00:00",289.15943614
"2011-05-27 15:00:00",314.75804242
"2011-05-27 16:00:00",302.18195982
"2011-05-27 17:00:00",281.42406782
"2011-05-27 18:00:00",268.9669307
"2011-05-27 19:00:00",184.74685814
"2011-05-27 20:00:00",198.26874408
"2011-05-27 21:00:00",145.4542219
"2011-05-27 22:00:00",166.67561746
"2011-05-27 23:00:00",126.08303596
"2011-05-28 00:00:00",128.04333596
"2011-05-28 01:00:00",131.2296563
"2011-05-28 02:00:00",107.1977643
"2011-05-28 03:00:00",127.04019308
"2011-05-28 04:00:00",128.63068464
"2011-05-28 05:00:00",127.04019308
"2011-05-28 06:00:00",149.62147664
"2011-05-28 07:00:00",155.37765414
"2011-05-28 08:00:00",177.5784153
"2011-05-28 09:00:00",201.75552764
"2011-05-28 10:00:00",241.79148308
"2011-05-28 11:00:00",241.79148308
"2011-05-28 12:00:00",270.45496664
"2011-05-28 13:00:00",261.09636458
"2011-05-28 14:00:00",274.62065258
"2011-05-28 15:00:00",283.74395258
"2011-05-28 16:00:00",292.71556492
"2011-05-28 17:00:00",287.7255187
"2011-05-28 18:00:00",262.68685614
"2011-05-28 19:00:00",240.1956543
"2011-05-28 20:00:00",241.79148308
"2011-05-28 21:00:00",206.8616797
"2011-05-28 22:00:00",186.31942408
"2011-05-28 23:00:00",159.3365138
"2011-05-29 00:00:00",149.17054258
"2011-05-29 01:00:00",124.99343024
"2011-05-29 02:00:00",121.8071099
"2011-05-29 03:00:00",121.8071099
"2011-05-29 04:00:00",115.25568662
"2011-05-29 05:00:00",92.16895924
"2011-05-29 06:00:00",132.4332218
"2011-05-29 07:00:00",135.61954214
"2011-05-29 08:00:00",134.02905058
"2011-05-29 09:00:00",112.97665264
"2011-05-29 10:00:00",165.20142408
"2011-05-29 11:00:00",168.38774442
"2011-05-29 12:00:00",212.93448708
"2011-05-29 13:00:00",228.19208492
"2011-05-29 14:00:00",233.97737692
"2011-05-29 15:00:00",234.7726227
"2011-05-29 16:00:00",233.97737692
"2011-05-29 17:00:00",233.97737692
"2011-05-29 18:00:00",220.45308892
"2011-05-29 19:00:00",218.85726014
"2011-05-29 20:00:00",190.2838583
"2011-05-29 21:00:00",166.34738524
"2011-05-29 22:00:00",131.89797096
"2011-05-29 23:00:00",133.49379974
"2011-05-30 00:00:00",111.6575098
"2011-05-30 01:00:00",108.47118946
"2011-05-30 02:00:00",111.6575098
"2011-05-30 03:00:00",111.6575098
"2011-05-30 04:00:00",104.31084074
"2011-05-30 05:00:00",106.9738204
"2011-05-30 06:00:00",111.93475212
"2011-05-30 07:00:00",107.152603
"2011-05-30 08:00:00",138.1170794
"2011-05-30 09:00:00",212.05918212
"2011-05-30 10:00:00",301.68139914
"2011-05-30 11:00:00",303.0203495
"2011-05-30 12:00:00",335.3447139
"2011-05-30 13:00:00",339.27647862
"2011-05-30 14:00:00",355.456007
"2011-05-30 15:00:00",368.99653414
"2011-05-30 16:00:00",372.27827342
"2011-05-30 17:00:00",355.56766508
"2011-05-30 18:00:00",352.38134474
"2011-05-30 19:00:00",226.8178829
"2011-05-30 20:00:00",263.0506985
"2011-05-30 21:00:00",227.96920746
"2011-05-30 22:00:00",216.04074824
"2011-05-30 23:00:00",172.2618464
"2011-05-31 00:00:00",188.63240062
"2011-05-31 01:00:00",148.03981912
"2011-05-31 02:00:00",126.46237096
"2011-05-31 03:00:00",109.112903
"2011-05-31 04:00:00",156.10483762
"2011-05-31 05:00:00",156.10483762
"2011-05-31 06:00:00",178.45081912
"2011-05-31 07:00:00",240.5034159
"2011-05-31 08:00:00",279.31936646
"2011-05-31 09:00:00",297.26905846
"2011-05-31 10:00:00",304.40953996
"2011-05-31 11:00:00",331.727619
"2011-05-31 12:00:00",338.89550546
"2011-05-31 13:00:00",376.36160374
"2011-05-31 14:00:00",369.283799
"2011-05-31 15:00:00",378.04751424
"2011-05-31 16:00:00",374.76577496
"2011-05-31 17:00:00",324.07116658
"2011-05-31 18:00:00",322.4753378
"2011-05-31 19:00:00",268.6055749
"2011-05-31 20:00:00",268.6055749
"2011-05-31 21:00:00",250.6849974
"2011-05-31 22:00:00",231.52533624
"2011-05-31 23:00:00",198.81398212
"2011-06-20 00:00:00",158.12610374
"2011-06-20 01:00:00",125.71635612
"2011-06-20 02:00:00",125.71635612
"2011-06-20 03:00:00",132.632807
"2011-06-20 04:00:00",138.65233024
"2011-06-20 05:00:00",156.68740546
"2011-06-20 06:00:00",170.53301746
"2011-06-20 07:00:00",127.3414643
"2011-06-20 08:00:00",142.5469643
"2011-06-20 09:00:00",171.05635814
"2011-06-20 10:00:00",171.05635814
"2011-06-20 11:00:00",163.0932259
"2011-06-20 12:00:00",200.6447074
"2011-06-20 13:00:00",208.3196954
"2011-06-20 14:00:00",226.2402729
"2011-06-20 15:00:00",227.83076446
"2011-06-20 16:00:00",250.09136274
"2011-06-20 17:00:00",253.4920475
"2011-06-20 18:00:00",245.74487464
"2011-06-20 19:00:00",220.44851358
"2011-06-20 20:00:00",208.28411358
"2011-06-20 21:00:00",187.17721574
"2011-06-20 22:00:00",196.21283608
"2011-06-20 23:00:00",170.96323564
"2011-06-21 00:00:00",190.82872374
"2011-06-21 01:00:00",202.52732374
"2011-06-21 02:00:00",182.92553424
"2011-06-21 03:00:00",182.92553424
"2011-06-21 04:00:00",148.5028324
"2011-06-21 05:00:00",150.09332396
"2011-06-21 06:00:00",150.09332396
"2011-06-21 07:00:00",115.857144
"2011-06-21 08:00:00",154.2590099
"2011-06-21 09:00:00",162.22214214
"2011-06-21 10:00:00",180.0266138
"2011-06-21 11:00:00",182.76840374
"2011-06-21 12:00:00",230.50146674
"2011-06-21 13:00:00",266.37173624
"2011-06-21 14:00:00",287.47863408
"2011-06-21 15:00:00",308.37400714
"2011-06-21 16:00:00",316.96509708
"2011-06-21 17:00:00",289.92121958
"2011-06-21 18:00:00",275.01502964
"2011-06-21 19:00:00",255.47484608
"2011-06-21 20:00:00",269.09225658
"2011-06-21 21:00:00",242.2735398
"2011-06-21 22:00:00",212.1096464
"2011-06-21 23:00:00",227.3151464
"2011-06-22 00:00:00",201.5246953
"2011-06-22 01:00:00",198.33837496
"2011-06-22 02:00:00",191.1704885
"2011-06-22 03:00:00",198.33837496
"2011-06-22 04:00:00",165.783407
"2011-06-22 05:00:00",147.536807
"2011-06-22 06:00:00",175.9649885
"2011-06-22 07:00:00",208.4925515
"2011-06-22 08:00:00",239.4570279
"2011-06-22 09:00:00",227.43784824
"2011-06-22 10:00:00",260.94444814
"2011-06-22 11:00:00",256.16763624
"2011-06-22 12:00:00",324.77469708
"2011-06-22 13:00:00",341.27378064
"2011-06-22 14:00:00",350.60860542
"2011-06-22 15:00:00",342.86960942
"2011-06-22 16:00:00",340.53367348
"2011-06-22 17:00:00",341.30652282
"2011-06-22 18:00:00",326.36518864
"2011-06-22 19:00:00",338.83119514
"2011-06-22 20:00:00",246.80369696
"2011-06-22 21:00:00",233.19402574
"2011-06-22 22:00:00",234.8776398
"2011-06-22 23:00:00",236.47346858
"2011-06-23 00:00:00",232.58446858
"2011-06-23 01:00:00",247.78996858
"2011-06-23 02:00:00",247.78996858
"2011-06-23 03:00:00",250.45294824
"2011-06-23 04:00:00",223.47003796
"2011-06-23 05:00:00",244.60364824
"2011-06-23 06:00:00",244.60364824
"2011-06-23 07:00:00",248.85711946
"2011-06-23 08:00:00",265.5677278
"2011-06-23 09:00:00",262.38140746
"2011-06-23 10:00:00",284.72738896
"2011-06-23 11:00:00",296.94932964
"2011-06-23 12:00:00",292.69585842
"2011-06-23 13:00:00",300.43485442
"2011-06-23 14:00:00",293.4911042
"2011-06-23 15:00:00",330.43113104
"2011-06-23 16:00:00",291.0485187
"2011-06-23 17:00:00",268.54615104
"2011-06-23 18:00:00",265.88317138
"2011-06-23 19:00:00",262.69685104
"2011-06-23 20:00:00",237.60838708
"2011-06-23 21:00:00",236.0125583
"2011-06-23 22:00:00",243.45768708
"2011-06-23 23:00:00",240.79470742
"2011-06-24 00:00:00",212.5857768
"2011-06-24 01:00:00",197.41301898
"2011-06-24 02:00:00",197.41301898
"2011-06-24 03:00:00",188.64930374
"2011-06-24 04:00:00",184.66773762
"2011-06-24 05:00:00",156.23955612
"2011-06-24 06:00:00",187.05347496
"2011-06-24 07:00:00",197.68492408
"2011-06-24 08:00:00",239.56868708
"2011-06-24 09:00:00",278.39580346
"2011-06-24 10:00:00",361.47193442
"2011-06-24 11:00:00",374.64310498
"2011-06-24 12:00:00",363.12873042
"2011-06-24 13:00:00",375.14791008
"2011-06-24 14:00:00",351.29035292
"2011-06-24 15:00:00",395.77911732
"2011-06-24 16:00:00",390.22912738
"2011-06-24 17:00:00",357.75954264
"2011-06-24 18:00:00",360.1506172
"2011-06-24 19:00:00",341.26045908
"2011-06-24 20:00:00",321.50875074
"2011-06-24 21:00:00",309.42973396
"2011-06-24 22:00:00",302.2618475
"2011-06-24 23:00:00",294.55025646
"2011-06-25 00:00:00",310.27078524
"2011-06-25 01:00:00",295.36219324
"2011-06-25 02:00:00",302.8019848
"2011-06-25 03:00:00",274.3050968
"2011-06-25 04:00:00",274.3050968
"2011-06-25 05:00:00",253.19819896
"2011-06-25 06:00:00",275.90092558
"2011-06-25 07:00:00",279.08724592
"2011-06-25 08:00:00",317.76267464
"2011-06-25 09:00:00",328.24586264
"2011-06-25 10:00:00",325.0595423
"2011-06-25 11:00:00",329.6139275
"2011-06-25 12:00:00",346.40707942
"2011-06-25 13:00:00",346.40707942
"2011-06-25 14:00:00",336.4222292
"2011-06-25 15:00:00",320.4906275
"2011-06-25 16:00:00",348.2606067
"2011-06-25 17:00:00",341.56396308
"2011-06-25 18:00:00",328.24586264
"2011-06-25 19:00:00",325.14379542
"2011-06-25 20:00:00",314.5763543
"2011-06-25 21:00:00",298.10638524
"2011-06-25 22:00:00",311.8612768
"2011-06-25 23:00:00",308.3793797
"2011-06-26 00:00:00",264.35349
"2011-06-26 01:00:00",269.9308849
"2011-06-26 02:00:00",256.4065969
"2011-06-26 03:00:00",229.3627194
"2011-06-26 04:00:00",228.56747362
"2011-06-26 05:00:00",223.7853245
"2011-06-26 06:00:00",223.7853245
"2011-06-26 07:00:00",234.2685125
"2011-06-26 08:00:00",250.3788968
"2011-06-26 09:00:00",267.45442712
"2011-06-26 10:00:00",303.8230344
"2011-06-26 11:00:00",310.11142196
"2011-06-26 12:00:00",328.27263874
"2011-06-26 13:00:00",319.5089235
"2011-06-26 14:00:00",326.67680996
"2011-06-26 15:00:00",319.5089235
"2011-06-26 16:00:00",328.2063343
"2011-06-26 17:00:00",326.67985074
"2011-06-26 18:00:00",322.33336264
"2011-06-26 19:00:00",311.26282596
"2011-06-26 20:00:00",303.8870424
"2011-06-26 21:00:00",285.6404424
"2011-06-26 22:00:00",283.3370475
"2011-06-26 23:00:00",278.99589662
"2011-06-27 00:00:00",227.93045642
"2011-06-27 01:00:00",193.12189496
"2011-06-27 02:00:00",198.97119496
"2011-06-27 03:00:00",198.97119496
"2011-06-27 04:00:00",169.33064224
"2011-06-27 05:00:00",175.11593424
"2011-06-27 06:00:00",194.71772374
"2011-06-27 07:00:00",218.89483608
"2011-06-27 08:00:00",214.1647848
"2011-06-27 09:00:00",287.8086395
"2011-06-27 10:00:00",294.97652596
"2011-06-27 11:00:00",269.8589475
"2011-06-27 12:00:00",287.8086395
"2011-06-27 13:00:00",287.59427508
"2011-06-27 14:00:00",280.42638862
"2011-06-27 15:00:00",290.523717
"2011-06-27 16:00:00",290.2518119
"2011-06-27 17:00:00",291.84230346
"2011-06-27 18:00:00",292.4425275
"2011-06-27 19:00:00",272.3810358
"2011-06-27 20:00:00",248.2993424
"2011-06-27 21:00:00",242.7219475
"2011-06-27 22:00:00",224.80137
"2011-06-27 23:00:00",224.80137
"2011-06-28 00:00:00",202.22737496
"2011-06-28 01:00:00",205.770878
"2011-06-28 02:00:00",211.620178
"2011-06-28 03:00:00",211.620178
"2011-06-28 04:00:00",205.770878
"2011-06-28 05:00:00",189.2101885
"2011-06-28 06:00:00",182.76840374
"2011-06-28 07:00:00",194.5404768
"2011-06-28 08:00:00",215.29596674
"2011-06-28 09:00:00",245.443621
"2011-06-28 10:00:00",335.36808324
"2011-06-28 11:00:00",341.51296
"2011-06-28 12:00:00",356.17807308
"2011-06-28 13:00:00",348.955048
"2011-06-28 14:00:00",371.08666508
"2011-06-28 15:00:00",368.2599295
"2011-06-28 16:00:00",369.54597492
"2011-06-28 17:00:00",346.75860942
"2011-06-28 18:00:00",340.4133737
"2011-06-28 19:00:00",308.05603394
"2011-06-28 20:00:00",265.347017
"2011-06-28 21:00:00",272.74437692
"2011-06-28 22:00:00",245.4083492
"2011-06-28 23:00:00",244.61310342
"2011-06-29 00:00:00",219.29662592
"2011-06-29 01:00:00",214.2425717
"2011-06-29 02:00:00",187.91502408
"2011-06-29 03:00:00",187.3916834
"2011-06-29 04:00:00",181.5423834
"2011-06-29 05:00:00",176.1376138
"2011-06-29 06:00:00",238.8682797
"2011-06-29 07:00:00",292.04468308
"2011-06-29 08:00:00",313.47760342
"2011-06-29 09:00:00",329.53818632
"2011-06-29 10:00:00",338.86938342
"2011-06-29 11:00:00",358.33065108
"2011-06-29 12:00:00",359.92114264
"2011-06-29 13:00:00",387.61391548
"2011-06-29 14:00:00",380.4406918
"2011-06-29 15:00:00",387.64747774
"2011-06-29 16:00:00",401.18800488
"2011-06-29 17:00:00",413.35240488
"2011-06-29 18:00:00",392.1002867
"2011-06-29 19:00:00",367.09436632
"2011-06-29 20:00:00",350.4447252
"2011-06-29 21:00:00",339.02107108
"2011-06-29 22:00:00",322.5457648
"2011-06-29 23:00:00",305.9803768
"2011-06-30 00:00:00",291.44159324
"2011-06-30 01:00:00",279.36257646
"2011-06-30 02:00:00",265.83828846
"2011-06-30 03:00:00",252.55463974
"2011-06-30 04:00:00",219.79113596
"2011-06-30 05:00:00",226.16377664
"2011-06-30 06:00:00",245.16705164
"2011-06-30 07:00:00",254.05974808
"2011-06-30 08:00:00",309.53650558
"2011-06-30 09:00:00",326.10189358
"2011-06-30 10:00:00",330.2622423
"2011-06-30 11:00:00",343.64130996
"2011-06-30 12:00:00",357.10463074
"2011-06-30 13:00:00",364.7773223
"2011-06-30 14:00:00",376.6156998
"2011-06-30 15:00:00",393.65233064
"2011-06-30 16:00:00",394.42017146
"2011-06-30 17:00:00",397.54381504
"2011-06-30 18:00:00",380.12804264
"2011-06-30 19:00:00",358.9920303
"2011-06-30 20:00:00",358.9920303
"2011-06-30 21:00:00",340.6909304
"2011-06-30 22:00:00",322.91557324
"2011-06-30 23:00:00",282.677878
"2011-07-20 00:00:00",198.8644464
"2011-07-20 01:00:00",193.2870515
"2011-07-20 02:00:00",193.2870515
"2011-07-20 03:00:00",198.8644464
"2011-07-20 04:00:00",186.14657
"2011-07-20 05:00:00",191.7239649
"2011-07-20 06:00:00",179.3266649
"2011-07-20 07:00:00",204.7137464
"2011-07-20 08:00:00",239.6358105
"2011-07-20 09:00:00",252.18607012
"2011-07-20 10:00:00",257.5855025
"2011-07-20 11:00:00",304.01851462
"2011-07-20 12:00:00",317.156943
"2011-07-20 13:00:00",342.4197418
"2011-07-20 14:00:00",358.89504808
"2011-07-20 15:00:00",360.43573824
"2011-07-20 16:00:00",332.065535
"2011-07-20 17:00:00",337.6927313
"2011-07-20 18:00:00",339.28856008
"2011-07-20 19:00:00",314.83895574
"2011-07-20 20:00:00",287.91118408
"2011-07-20 21:00:00",303.27307024
"2011-07-20 22:00:00",284.11340908
"2011-07-20 23:00:00",260.31681914
"2011-07-21 00:00:00",264.9400988
"2011-07-21 01:00:00",233.40985008
"2011-07-21 02:00:00",233.40985008
"2011-07-21 03:00:00",239.40779696
"2011-07-21 04:00:00",221.2519174
"2011-07-21 05:00:00",221.2519174
"2011-07-21 06:00:00",221.2519174
"2011-07-21 07:00:00",228.62770096
"2011-07-21 08:00:00",255.61061124
"2011-07-21 09:00:00",292.91498614
"2011-07-21 10:00:00",318.06676558
"2011-07-21 11:00:00",357.9186012
"2011-07-21 12:00:00",376.31271798
"2011-07-21 13:00:00",374.7168892
"2011-07-21 14:00:00",397.50969754
"2011-07-21 15:00:00",391.63069614
"2011-07-21 16:00:00",409.79191292
"2011-07-21 17:00:00",415.3141692
"2011-07-21 18:00:00",393.52813142
"2011-07-21 19:00:00",347.93134892
"2011-07-21 20:00:00",322.39904708
"2011-07-21 21:00:00",308.87475908
"2011-07-21 22:00:00",309.03114524
"2011-07-21 23:00:00",294.45327424
"2011-07-22 00:00:00",324.90272296
"2011-07-22 01:00:00",303.1569655
"2011-07-22 02:00:00",264.70365346
"2011-07-22 03:00:00",270.8812724
"2011-07-22 04:00:00",256.2742869
"2011-07-22 05:00:00",233.9283054
"2011-07-22 06:00:00",255.47904112
"2011-07-22 07:00:00",309.8566499
"2011-07-22 08:00:00",338.13314374
"2011-07-22 09:00:00",342.88014862
"2011-07-22 10:00:00",384.83261812
"2011-07-22 11:00:00",385.9294704
"2011-07-22 12:00:00",415.56115374
"2011-07-22 13:00:00",415.25954724
"2011-07-22 14:00:00",437.3360257
"2011-07-22 15:00:00",422.4274337
"2011-07-22 16:00:00",423.7909902
"2011-07-22 17:00:00",380.4748994
"2011-07-22 18:00:00",406.61041424
"2011-07-22 19:00:00",385.5675244
"2011-07-22 20:00:00",335.986135
"2011-07-22 21:00:00",325.85969212
"2011-07-22 22:00:00",359.08359062
"2011-07-22 23:00:00",313.5111723
"2011-07-23 00:00:00",327.7648535
"2011-07-23 01:00:00",341.0812444
"2011-07-23 02:00:00",335.5038495
"2011-07-23 03:00:00",290.59453312
"2011-07-23 04:00:00",281.2081974
"2011-07-23 05:00:00",290.53768496
"2011-07-23 06:00:00",332.49015446
"2011-07-23 07:00:00",330.8996629
"2011-07-23 08:00:00",363.95296864
"2011-07-23 09:00:00",359.17615674
"2011-07-23 10:00:00",388.05116508
"2011-07-23 11:00:00",410.1612058
"2011-07-23 12:00:00",419.9622649
"2011-07-23 13:00:00",425.89277724
"2011-07-23 14:00:00",408.0010635
"2011-07-23 15:00:00",417.129062
"2011-07-23 16:00:00",424.29694846
"2011-07-23 17:00:00",424.29694846
"2011-07-23 18:00:00",421.63700958
"2011-07-23 19:00:00",336.05502946
"2011-07-23 20:00:00",334.98787858
"2011-07-23 21:00:00",334.98787858
"2011-07-23 22:00:00",323.2104683
"2011-07-23 23:00:00",318.4336564
"2011-07-24 00:00:00",306.6718564
"2011-07-24 01:00:00",279.6279789
"2011-07-24 02:00:00",298.13761462
"2011-07-24 03:00:00",298.13761462
"2011-07-24 04:00:00",279.6279789
"2011-07-24 05:00:00",278.83273312
"2011-07-24 06:00:00",303.98691462
"2011-07-24 07:00:00",308.26234796
"2011-07-24 08:00:00",331.13940942
"2011-07-24 09:00:00",336.71680432
"2011-07-24 10:00:00",363.31855348
"2011-07-24 11:00:00",344.42305814
"2011-07-24 12:00:00",385.69809724
"2011-07-24 13:00:00",362.43905458
"2011-07-24 14:00:00",360.92747892
"2011-07-24 15:00:00",395.20191964
"2011-07-24 16:00:00",395.20191964
"2011-07-24 17:00:00",391.9366834
"2011-07-24 18:00:00",380.24352624
"2011-07-24 19:00:00",359.25273424
"2011-07-24 20:00:00",347.41435674
"2011-07-24 21:00:00",300.52335196
"2011-07-24 22:00:00",274.050584
"2011-07-24 23:00:00",262.33605162
"2011-07-25 00:00:00",259.5142025
"2011-07-25 01:00:00",253.48714112
"2011-07-25 02:00:00",231.14115962
"2011-07-25 03:00:00",220.5097105
"2011-07-25 04:00:00",208.72647162
"2011-07-25 05:00:00",208.72647162
"2011-07-25 06:00:00",214.57577162
"2011-07-25 07:00:00",226.3590105
"2011-07-25 08:00:00",248.704992
"2011-07-25 09:00:00",290.588755
"2011-07-25 10:00:00",313.236343
"2011-07-25 11:00:00",339.6214313
"2011-07-25 12:00:00",339.6214313
"2011-07-25 13:00:00",248.73239696
"2011-07-25 14:00:00",230.9570398
"2011-07-25 15:00:00",210.08020232
"2011-07-25 16:00:00",201.31648708
"2011-07-25 17:00:00",229.959033
"2011-07-25 18:00:00",240.49735962
"2011-07-25 19:00:00",248.26547012
"2011-07-25 20:00:00",237.12691946
"2011-07-25 21:00:00",189.3664515
"2011-07-25 22:00:00",189.3664515
"2011-07-25 23:00:00",194.14860062
"2011-07-26 00:00:00",212.1096464
"2011-07-26 01:00:00",212.1096464
"2011-07-26 02:00:00",171.5170649
"2011-07-26 03:00:00",173.10755646
"2011-07-26 04:00:00",177.74448524
"2011-07-26 05:00:00",156.11483362
"2011-07-26 06:00:00",196.13630558
"2011-07-26 07:00:00",266.95908492
"2011-07-26 08:00:00",296.9889238
"2011-07-26 09:00:00",345.56114058
"2011-07-26 10:00:00",380.07622058
"2011-07-26 11:00:00",376.9234625
"2011-07-26 12:00:00",388.7909545
"2011-07-26 13:00:00",392.5581562
"2011-07-26 14:00:00",403.60128792
"2011-07-26 15:00:00",417.85985448
"2011-07-26 16:00:00",389.78009192
"2011-07-26 17:00:00",393.76165804
"2011-07-26 18:00:00",380.44889482
"2011-07-26 19:00:00",362.1424577
"2011-07-26 20:00:00",344.87190564
"2011-07-26 21:00:00",328.37282208
"2011-07-26 22:00:00",299.58789546
"2011-07-26 23:00:00",293.2703934
"2011-07-27 00:00:00",323.87280174
"2011-07-27 01:00:00",328.7372933
"2011-07-27 02:00:00",319.4352107
"2011-07-27 03:00:00",282.47925474
"2011-07-27 04:00:00",305.3574463
"2011-07-27 05:00:00",295.23100342
"2011-07-27 06:00:00",292.04468308
"2011-07-27 07:00:00",317.66706664
"2011-07-27 08:00:00",337.27355464
"2011-07-27 09:00:00",359.92114264
"2011-07-27 10:00:00",358.218993
"2011-07-27 11:00:00",370.086485
"2011-07-27 12:00:00",394.02011842
"2011-07-27 13:00:00",403.78697654
"2011-07-27 14:00:00",402.70129008
"2011-07-27 15:00:00",416.13015914
"2011-07-27 16:00:00",409.99815774
"2011-07-27 17:00:00",404.35808608
"2011-07-27 18:00:00",390.5433574
"2011-07-27 19:00:00",380.95083412
"2011-07-27 20:00:00",332.31594058
"2011-07-27 21:00:00",311.0638224
"2011-07-27 22:00:00",304.1265395
"2011-07-27 23:00:00",319.39187662
"2011-07-28 00:00:00",298.34613396
"2011-07-28 01:00:00",296.9635395
"2011-07-28 02:00:00",293.4176344
"2011-07-28 03:00:00",287.8402395
"2011-07-28 04:00:00",266.3446424
"2011-07-28 05:00:00",254.1802424
"2011-07-28 06:00:00",238.17949662
"2011-07-28 07:00:00",252.34264424
"2011-07-28 08:00:00",270.29233624
"2011-07-28 09:00:00",309.1082868
"2011-07-28 10:00:00",331.84012792
"2011-07-28 11:00:00",349.16219092
"2011-07-28 12:00:00",352.26425814
"2011-07-28 13:00:00",371.87074614
"2011-07-28 14:00:00",365.88166864
"2011-07-28 15:00:00",363.9865298
"2011-07-28 16:00:00",367.09393424
"2011-07-28 17:00:00",349.0779378
"2011-07-28 18:00:00",345.97587058
"2011-07-28 19:00:00",329.4714498
"2011-07-28 20:00:00",311.5508723
"2011-07-28 21:00:00",297.02813992
"2011-07-28 22:00:00",273.08632964
"2011-07-28 23:00:00",259.0907988
"2011-07-29 00:00:00",237.11462574
"2011-07-29 01:00:00",235.51879696
"2011-07-29 02:00:00",228.3509105
"2011-07-29 03:00:00",228.3509105
"2011-07-29 04:00:00",218.95340896
"2011-07-29 05:00:00",211.7855225
"2011-07-29 06:00:00",217.6348225
"2011-07-29 07:00:00",238.98235962
"2011-07-29 08:00:00",259.2856855
"2011-07-29 09:00:00",373.83104614
"2011-07-29 10:00:00",406.59924842
"2011-07-29 11:00:00",423.6582757
"2011-07-29 12:00:00",448.52730192
"2011-07-29 13:00:00",423.2093645
"2011-07-29 14:00:00",448.38208158
"2011-07-29 15:00:00",449.97257314
"2011-07-29 16:00:00",457.14579682
"2011-07-29 17:00:00",452.3636477
"2011-07-29 18:00:00",429.95200048
"2011-07-29 19:00:00",403.41292808
"2011-07-29 20:00:00",391.66825998
"2011-07-29 21:00:00",356.15757524
"2011-07-29 22:00:00",344.43530358
"2011-07-29 23:00:00",318.7577814
"2011-07-30 00:00:00",310.6154158
"2011-07-30 01:00:00",305.04335812
"2011-07-30 02:00:00",305.8386039
"2011-07-30 03:00:00",281.95193224
"2011-07-30 04:00:00",268.42764424
"2011-07-30 05:00:00",262.63588492
"2011-07-30 06:00:00",263.4311307
"2011-07-30 07:00:00",285.9850093
"2011-07-30 08:00:00",314.62471558
"2011-07-30 09:00:00",365.2857617
"2011-07-30 10:00:00",376.0658577
"2011-07-30 11:00:00",387.0538508
"2011-07-30 12:00:00",393.23146974
"2011-07-30 13:00:00",405.132524
"2011-07-30 14:00:00",415.3141055
"2011-07-30 15:00:00",420.79608146
"2011-07-30 16:00:00",433.34634108
"2011-07-30 17:00:00",420.8915004
"2011-07-30 18:00:00",418.5278308
"2011-07-30 19:00:00",364.50845908
"2011-07-30 20:00:00",361.21994246
"2011-07-30 21:00:00",343.20928324
"2011-07-30 22:00:00",320.7180814
"2011-07-30 23:00:00",305.04335812
"2011-07-31 00:00:00",293.28155812
"2011-07-31 01:00:00",266.20856612
"2011-07-31 02:00:00",258.46957012
"2011-07-31 03:00:00",253.687421
"2011-07-31 04:00:00",235.737729
"2011-07-31 05:00:00",238.778829
"2011-07-31 06:00:00",241.523021
"2011-07-31 07:00:00",280.75870346
"2011-07-31 08:00:00",300.44944458
"2011-07-31 09:00:00",322.683768
"2011-07-31 10:00:00",373.70155924
"2011-07-31 11:00:00",399.39024724
"2011-07-31 12:00:00",421.6455083
"2011-07-31 13:00:00",421.50028796
"2011-07-31 14:00:00",423.09611674
"2011-07-31 15:00:00",449.8704912
"2011-07-31 16:00:00",452.11634542
"2011-07-31 17:00:00",448.78480474
"2011-07-31 18:00:00",379.47568542
"2011-07-31 19:00:00",326.39000248
"2011-07-31 20:00:00",326.39000248
"2011-07-31 21:00:00",306.8444817
"2011-07-31 22:00:00",257.4546227
"2011-07-31 23:00:00",265.63745658
"2011-08-20 00:00:00",144.9173375
"2011-08-20 01:00:00",170.304419
"2011-08-20 02:00:00",189.9062085
"2011-08-20 03:00:00",189.9062085
"2011-08-20 04:00:00",150.7666375
"2011-08-20 05:00:00",164.519127
"2011-08-20 06:00:00",177.53631346
"2011-08-20 07:00:00",170.304419
"2011-08-20 08:00:00",228.817578
"2011-08-20 09:00:00",252.5234475
"2011-08-20 10:00:00",277.4057239
"2011-08-20 11:00:00",279.5964395
"2011-08-20 12:00:00",292.52050346
"2011-08-20 13:00:00",307.42909546
"2011-08-20 14:00:00",344.7997748
"2011-08-20 15:00:00",358.6500853
"2011-08-20 16:00:00",349.5267853
"2011-08-20 17:00:00",344.7997748
"2011-08-20 18:00:00",309.07472564
"2011-08-20 19:00:00",283.5424238
"2011-08-20 20:00:00",285.13825258
"2011-08-20 21:00:00",259.44956458
"2011-08-20 22:00:00",245.7824583
"2011-08-20 23:00:00",236.74683796
"2011-08-21 00:00:00",228.1713583
"2011-08-21 01:00:00",204.38010558
"2011-08-21 02:00:00",202.7842768
"2011-08-21 03:00:00",182.03412408
"2011-08-21 04:00:00",192.21570558
"2011-08-21 05:00:00",163.3436862
"2011-08-21 06:00:00",162.54844042
"2011-08-21 07:00:00",196.1972717
"2011-08-21 08:00:00",214.56168708
"2011-08-21 09:00:00",239.94876858
"2011-08-21 10:00:00",247.29543764
"2011-08-21 11:00:00",308.49182142
"2011-08-21 12:00:00",326.41239892
"2011-08-21 13:00:00",323.39870388
"2011-08-21 14:00:00",235.02400232
"2011-08-21 15:00:00",202.54250742
"2011-08-21 16:00:00",221.55694824
"2011-08-21 17:00:00",219.96111946
"2011-08-21 18:00:00",226.33376014
"2011-08-21 19:00:00",249.27825614
"2011-08-21 20:00:00",216.15217864
"2011-08-21 21:00:00",216.15217864
"2011-08-21 22:00:00",218.8151583
"2011-08-21 23:00:00",226.58086674
"2011-08-22 00:00:00",203.15408524
"2011-08-22 01:00:00",199.17251912
"2011-08-22 02:00:00",254.1486424
"2011-08-22 03:00:00",261.58843396
"2011-08-22 04:00:00",247.3199768
"2011-08-22 05:00:00",250.29840004
"2011-08-22 06:00:00",259.2764797
"2011-08-22 07:00:00",260.87230848
"2011-08-22 08:00:00",260.87230848
"2011-08-22 09:00:00",283.95839714
"2011-08-22 10:00:00",309.55700342
"2011-08-22 11:00:00",355.88336598
"2011-08-22 12:00:00",357.38847432
"2011-08-22 13:00:00",376.57554044
"2011-08-22 14:00:00",372.59397432
"2011-08-22 15:00:00",367.8118252
"2011-08-22 16:00:00",372.59397432
"2011-08-22 17:00:00",378.53095398
"2011-08-22 18:00:00",372.5341372
"2011-08-22 19:00:00",359.90051392
"2011-08-22 20:00:00",335.8087848
"2011-08-22 21:00:00",322.2844968
"2011-08-22 22:00:00",327.8618917
"2011-08-22 23:00:00",314.98762914
"2011-08-23 00:00:00",306.3195208
"2011-08-23 01:00:00",264.6733563
"2011-08-23 02:00:00",249.7647643
"2011-08-23 03:00:00",254.54691342
"2011-08-23 04:00:00",230.25369524
"2011-08-23 05:00:00",231.8441868
"2011-08-23 06:00:00",219.6797868
"2011-08-23 07:00:00",288.0729208
"2011-08-23 08:00:00",281.886802
"2011-08-23 09:00:00",302.853178
"2011-08-23 10:00:00",325.436758
"2011-08-23 11:00:00",340.1374529
"2011-08-23 12:00:00",324.13670712
"2011-08-23 13:00:00",358.0580304
"2011-08-23 14:00:00",357.26278462
"2011-08-23 15:00:00",352.26627108
"2011-08-23 16:00:00",353.56632196
"2011-08-23 17:00:00",352.26627108
"2011-08-23 18:00:00",350.6704423
"2011-08-23 19:00:00",290.70731358
"2011-08-23 20:00:00",281.81461714
"2011-08-23 21:00:00",254.749802
"2011-08-23 22:00:00",261.91768846
"2011-08-23 23:00:00",245.35699896
"2011-08-24 00:00:00",263.87798846
"2011-08-24 01:00:00",247.4080194
"2011-08-24 02:00:00",205.66643596
"2011-08-24 03:00:00",205.66643596
"2011-08-24 04:00:00",183.0851524
"2011-08-24 05:00:00",183.0851524
"2011-08-24 06:00:00",177.5077575
"2011-08-24 07:00:00",234.44837362
"2011-08-24 08:00:00",222.98849896
"2011-08-24 09:00:00",230.72102764
"2011-08-24 10:00:00",283.06660342
"2011-08-24 11:00:00",301.8115412
"2011-08-24 12:00:00",306.12244748
"2011-08-24 13:00:00",333.54684738
"2011-08-24 14:00:00",333.54684738
"2011-08-24 15:00:00",335.14267616
"2011-08-24 16:00:00",325.80785138
"2011-08-24 17:00:00",322.62153104
"2011-08-24 18:00:00",304.5266187
"2011-08-24 19:00:00",304.5266187
"2011-08-24 20:00:00",289.6471412
"2011-08-24 21:00:00",277.92486954
"2011-08-24 22:00:00",265.76046954
"2011-08-24 23:00:00",244.6535717
"2011-08-25 00:00:00",231.4083717
"2011-08-25 01:00:00",251.39602082
"2011-08-25 02:00:00",251.39602082
"2011-08-25 03:00:00",227.21890848
"2011-08-25 04:00:00",213.84453932
"2011-08-25 05:00:00",200.22953088
"2011-08-25 06:00:00",195.45271898
"2011-08-25 07:00:00",223.64800048
"2011-08-25 08:00:00",247.4392532
"2011-08-25 09:00:00",265.3598307
"2011-08-25 10:00:00",283.3095227
"2011-08-25 11:00:00",222.1514515
"2011-08-25 12:00:00",222.1514515
"2011-08-25 13:00:00",216.0302464
"2011-08-25 14:00:00",241.689233
"2011-08-25 15:00:00",255.213521
"2011-08-25 16:00:00",209.8252225
"2011-08-25 17:00:00",209.8252225
"2011-08-25 18:00:00",222.84240896
"2011-08-25 19:00:00",216.50751898
"2011-08-25 20:00:00",206.46341854
"2011-08-25 21:00:00",202.48185242
"2011-08-25 22:00:00",166.383819
"2011-08-25 23:00:00",171.16596812
"2011-08-26 00:00:00",175.51200546
"2011-08-26 01:00:00",168.344119
"2011-08-26 02:00:00",155.88110146
"2011-08-26 03:00:00",148.5344324
"2011-08-26 04:00:00",148.713215
"2011-08-26 05:00:00",154.562515
"2011-08-26 06:00:00",148.713215
"2011-08-26 07:00:00",169.704007
"2011-08-26 08:00:00",185.4629834
"2011-08-26 09:00:00",227.6186515
"2011-08-26 10:00:00",268.27107012
"2011-08-26 11:00:00",287.2587985
"2011-08-26 12:00:00",285.0971974
"2011-08-26 13:00:00",312.1410749
"2011-08-26 14:00:00",310.8959615
"2011-08-26 15:00:00",327.0994683
"2011-08-26 16:00:00",297.1684749
"2011-08-26 17:00:00",257.09693764
"2011-08-26 18:00:00",256.57359696
"2011-08-26 19:00:00",228.1721279
"2011-08-26 20:00:00",227.37688212
"2011-08-26 21:00:00",231.35844824
"2011-08-26 22:00:00",228.1721279
"2011-08-26 23:00:00",201.98980062
"2011-08-27 00:00:00",204.7453464
"2011-08-27 01:00:00",207.93166674
"2011-08-27 02:00:00",209.5221583
"2011-08-27 03:00:00",216.96728708
"2011-08-27 04:00:00",216.96728708
"2011-08-27 05:00:00",220.9488532
"2011-08-27 06:00:00",220.9488532
"2011-08-27 07:00:00",224.13517354
"2011-08-27 08:00:00",218.55777864
"2011-08-27 09:00:00",227.32149388
"2011-08-27 10:00:00",244.91806844
"2011-08-27 11:00:00",193.17672688
"2011-08-27 12:00:00",219.830297
"2011-08-27 13:00:00",214.25823932
"2011-08-27 14:00:00",194.58843584
"2011-08-27 15:00:00",194.58843584
"2011-08-27 16:00:00",192.99794428
"2011-08-27 17:00:00",209.72479176
"2011-08-28 07:00:00",189.35914104
"2011-08-28 08:00:00",192.54546138
"2011-08-28 09:00:00",224.15452038
"2011-08-28 10:00:00",285.58449668
"2011-08-28 11:00:00",282.76309832
"2011-08-28 12:00:00",311.19597832
"2011-08-28 13:00:00",333.60292704
"2011-08-28 14:00:00",348.65673938
"2011-08-28 15:00:00",345.47041904
"2011-08-28 16:00:00",374.11012532
"2011-08-28 17:00:00",345.6221067
"2011-08-28 18:00:00",329.80216308
"2011-08-28 19:00:00",303.8230344
"2011-08-28 20:00:00",308.5209304
"2011-08-28 21:00:00",248.55246446
"2011-08-28 22:00:00",216.8769954
"2011-08-28 23:00:00",198.9273034
"2011-08-29 00:00:00",200.8876034
"2011-08-29 01:00:00",211.6921154
"2011-08-29 02:00:00",216.4689273
"2011-08-29 03:00:00",211.6921154
"2011-08-29 04:00:00",195.96054396
"2011-08-29 05:00:00",180.75504396
"2011-08-29 06:00:00",180.75504396
"2011-08-29 07:00:00",249.86006008
"2011-08-29 08:00:00",266.33002914
"2011-08-29 09:00:00",278.49442914
"2011-08-29 10:00:00",297.87031358
"2011-08-29 11:00:00",294.68399324
"2011-08-29 12:00:00",315.44188524
"2011-08-29 13:00:00",323.243558
"2011-08-29 14:00:00",308.270958
"2011-08-29 15:00:00",317.03467324
"2011-08-29 16:00:00",322.79085074
"2011-08-29 17:00:00",310.86479358
"2011-08-29 18:00:00",299.46080514
"2011-08-29 19:00:00",299.46080514
"2011-08-29 20:00:00",275.07750524
"2011-08-29 21:00:00",276.6679968
"2011-08-29 22:00:00",259.95738846
"2011-08-29 23:00:00",242.69217362
"2011-08-30 00:00:00",182.71534396
"2011-08-30 01:00:00",196.3303524
"2011-08-30 02:00:00",175.3686749
"2011-08-30 03:00:00",180.1454868
"2011-08-30 04:00:00",160.60530324
"2011-08-30 05:00:00",156.62373712
"2011-08-30 06:00:00",175.3686749
"2011-08-30 07:00:00",197.92084396
"2011-08-30 08:00:00",261.91768846
"2011-08-30 09:00:00",290.70731358
"2011-08-30 10:00:00",331.30459358
"2011-08-30 11:00:00",341.5471423
"2011-08-30 12:00:00",331.1929355
"2011-08-30 13:00:00",344.2124184
"2011-08-30 14:00:00",353.48093874
"2011-08-30 15:00:00",350.58505908
"2011-08-30 16:00:00",341.31653874
"2011-08-30 17:00:00",326.3416423
"2011-08-30 18:00:00",309.87167324
"2011-08-30 19:00:00",283.53942712
"2011-08-30 20:00:00",278.757278
"2011-08-30 21:00:00",232.16674962
"2011-08-30 22:00:00",238.1891125
"2011-08-30 23:00:00",238.1891125
"2011-08-31 00:00:00",210.0353205
"2011-08-31 01:00:00",210.0353205
"2011-08-31 02:00:00",177.5077575
"2011-08-31 03:00:00",162.3022575
"2011-08-31 04:00:00",177.5077575
"2011-08-31 05:00:00",146.12272912
"2011-08-31 06:00:00",159.58718
"2011-08-31 07:00:00",178.269131
"2011-08-31 08:00:00",215.8206125
"2011-08-31 09:00:00",221.96264962
"2011-08-31 10:00:00",308.6456529
"2011-08-31 11:00:00",325.11562196
"2011-08-31 12:00:00",327.85981396
"2011-08-31 13:00:00",340.0905184
"2011-08-31 14:00:00",332.55770996
"2011-08-31 15:00:00",332.55770996
"2011-08-31 16:00:00",330.90091396
"2011-08-31 17:00:00",315.99232196
"2011-08-31 18:00:00",301.16798308
"2011-08-31 19:00:00",359.72886464
"2011-08-31 20:00:00",266.59776446
"2011-08-31 21:00:00",252.04762712
"2011-08-31 22:00:00",217.1805005
"2011-08-31 23:00:00",183.8465259
"2011-09-20 00:00:00",190.16047274
"2011-09-20 01:00:00",138.78779524
"2011-09-20 02:00:00",138.78779524
"2011-09-20 03:00:00",157.17961558
"2011-09-20 04:00:00",134.5289868
"2011-09-20 05:00:00",140.3782868
"2011-09-20 06:00:00",140.3782868
"2011-09-20 07:00:00",138.78779524
"2011-09-20 08:00:00",131.16730714
"2011-09-20 09:00:00",129.57681558
"2011-09-20 10:00:00",150.39327274
"2011-09-20 11:00:00",150.39327274
"2011-09-20 12:00:00",126.29737274
"2011-09-20 13:00:00",124.70154396
"2011-09-20 14:00:00",151.9197563
"2011-09-20 15:00:00",193.4917034
"2011-09-20 16:00:00",171.29094224
"2011-09-20 17:00:00",162.2553219
"2011-09-20 18:00:00",162.2553219
"2011-09-20 19:00:00",135.7162495
"2011-09-20 20:00:00",111.6843575
"2011-09-20 21:00:00",111.6843575
"2011-09-20 22:00:00",111.6843575
"2011-09-20 23:00:00",111.6843575
"2011-09-21 00:00:00",89.64188
"2011-09-21 01:00:00",107.88848
"2011-09-21 02:00:00",107.88848
"2011-09-21 03:00:00",118.51992912
"2011-09-21 04:00:00",102.65906646
"2011-09-21 05:00:00",104.25489524
"2011-09-21 06:00:00",105.8453868
"2011-09-21 07:00:00",105.8453868
"2011-09-21 08:00:00",101.0685749
"2011-09-21 09:00:00",106.02950662
"2011-09-21 10:00:00",144.8857375
"2011-09-21 11:00:00",179.03653424
"2011-09-21 12:00:00",196.01664562
"2011-09-21 13:00:00",222.34419324
"2011-09-21 14:00:00",223.9346848
"2011-09-21 15:00:00",219.1578729
"2011-09-21 16:00:00",219.1578729
"2011-09-21 17:00:00",228.19349324
"2011-09-21 18:00:00",186.24572224
"2011-09-21 19:00:00",133.8483255
"2011-09-21 20:00:00",133.8483255
"2011-09-21 21:00:00",99.9275891199999
"2011-09-21 22:00:00",127.9990255
"2011-09-21 23:00:00",117.5455389
"2011-09-22 00:00:00",119.5058389
"2011-09-22 01:00:00",124.55989312
"2011-09-22 02:00:00",125.3551389
"2011-09-22 03:00:00",124.55989312
"2011-09-22 04:00:00",124.55989312
"2011-09-22 05:00:00",125.3551389
"2011-09-22 06:00:00",104.27362646
"2011-09-22 07:00:00",102.6831349
"2011-09-22 08:00:00",105.86945524
"2011-09-22 09:00:00",140.3135323
"2011-09-22 10:00:00",167.29644258
"2011-09-22 11:00:00",165.7006138
"2011-09-22 12:00:00",192.53830374
"2011-09-22 13:00:00",194.1287953
"2011-09-22 14:00:00",195.72462408
"2011-09-22 15:00:00",214.88428524
"2011-09-22 16:00:00",228.49395646
"2011-09-22 17:00:00",203.76223762
"2011-09-22 18:00:00",179.1704019
"2011-09-22 19:00:00",160.12855612
"2011-09-22 20:00:00",137.12721196
"2011-09-22 21:00:00",160.12855612
"2011-09-22 22:00:00",107.67318112
"2011-09-22 23:00:00",129.9593255
"2011-09-23 00:00:00",159.38377462
"2011-09-23 01:00:00",121.74804
"2011-09-23 02:00:00",127.3254349
"2011-09-23 03:00:00",121.74804
"2011-09-23 04:00:00",127.59734
"2011-09-23 05:00:00",154.6016255
"2011-09-23 06:00:00",159.38377462
"2011-09-23 07:00:00",167.61881196
"2011-09-23 08:00:00",167.61881196
"2011-09-23 09:00:00",140.55051846
"2011-09-23 10:00:00",138.9600269
"2011-09-23 11:00:00",138.9600269
"2011-09-23 12:00:00",166.0283204
"2011-09-23 13:00:00",132.37948912
"2011-09-23 14:00:00",132.37948912
"2011-09-23 15:00:00",166.0283204
"2011-09-23 16:00:00",160.4509255
"2011-09-23 17:00:00",121.74804
"2011-09-23 18:00:00",115.89874
"2011-09-23 19:00:00",155.92021196
"2011-09-23 20:00:00",138.570744
"2011-09-23 21:00:00",124.66245524
"2011-09-23 22:00:00",147.33445924
"2011-09-23 23:00:00",140.80313596
"2011-09-24 00:00:00",134.52839862
"2011-09-24 01:00:00",158.62429862
"2011-09-24 02:00:00",158.62429862
"2011-09-24 03:00:00",147.9928495
"2011-09-24 04:00:00",147.7849524
"2011-09-24 05:00:00",153.6342524
"2011-09-24 06:00:00",153.6342524
"2011-09-24 07:00:00",171.8808524
"2011-09-24 08:00:00",170.78869862
"2011-09-24 09:00:00",178.23078662
"2011-09-24 10:00:00",178.23078662
"2011-09-24 11:00:00",203.61786812
"2011-09-24 12:00:00",203.61786812
"2011-09-24 13:00:00",213.9480965
"2011-09-24 14:00:00",249.31126446
"2011-09-24 15:00:00",249.31126446
"2011-09-24 16:00:00",224.57954562
"2011-09-24 17:00:00",241.8714729
"2011-09-24 18:00:00",219.5254914
"2011-09-24 19:00:00",173.355515
"2011-09-24 20:00:00",192.986419
"2011-09-24 21:00:00",197.76856812
"2011-09-24 22:00:00",179.204815
"2011-09-24 23:00:00",178.23078662
"2011-09-25 00:00:00",161.6868375
"2011-09-25 01:00:00",167.2642324
"2011-09-25 02:00:00",140.467844
"2011-09-25 03:00:00",140.467844
"2011-09-25 04:00:00",147.63573046
"2011-09-25 05:00:00",160.61968662
"2011-09-25 06:00:00",167.2642324
"2011-09-25 07:00:00",141.78643046
"2011-09-25 08:00:00",167.443015
"2011-09-25 09:00:00",188.433807
"2011-09-25 10:00:00",188.433807
"2011-09-25 11:00:00",220.98877496
"2011-09-25 12:00:00",213.8208885
"2011-09-25 13:00:00",236.16687
"2011-09-25 14:00:00",213.8208885
"2011-09-25 15:00:00",213.8208885
"2011-09-25 16:00:00",248.2381475
"2011-09-25 17:00:00",230.31757
"2011-09-25 18:00:00",230.31757
"2011-09-25 19:00:00",189.75239346
"2011-09-25 20:00:00",187.36665612
"2011-09-25 21:00:00",143.73297462
"2011-09-25 22:00:00",166.37586412
"2011-09-25 23:00:00",150.3775204
"2011-09-26 00:00:00",146.7604255
"2011-09-26 01:00:00",174.9807099
"2011-09-26 02:00:00",174.9807099
"2011-09-26 03:00:00",146.7604255
"2011-09-26 04:00:00",151.54257462
"2011-09-26 05:00:00",169.403315
"2011-09-26 06:00:00",151.54257462
"2011-09-26 07:00:00",146.7604255
"2011-09-26 08:00:00",146.7604255
"2011-09-26 09:00:00",182.5017138
"2011-09-26 10:00:00",182.5017138
"2011-09-26 11:00:00",229.02240558
"2011-09-26 12:00:00",231.68538524
"2011-09-26 13:00:00",257.07246674
"2011-09-26 14:00:00",258.96216274
"2011-09-26 15:00:00",291.87671546
"2011-09-26 16:00:00",274.16766274
"2011-09-26 17:00:00",257.36633396
"2011-09-26 18:00:00",200.3037834
"2011-09-26 19:00:00",202.54963762
"2011-09-26 20:00:00",173.46609346
"2011-09-26 21:00:00",173.46609346
"2011-09-26 22:00:00",148.07901196
"2011-09-26 23:00:00",148.07901196
"2011-09-27 00:00:00",150.03931196
"2011-09-27 01:00:00",151.63514074
"2011-09-27 02:00:00",148.4488204
"2011-09-27 03:00:00",148.7207255
"2011-09-27 04:00:00",159.35217462
"2011-09-27 05:00:00",159.35217462
"2011-09-27 06:00:00",154.2981204
"2011-09-27 07:00:00",154.2981204
"2011-09-27 08:00:00",179.6852019
"2011-09-27 09:00:00",190.3113138
"2011-09-27 10:00:00",169.08991824
"2011-09-27 11:00:00",185.4413794
"2011-09-27 12:00:00",187.03187096
"2011-09-27 13:00:00",262.21908708
"2011-09-27 14:00:00",230.4593649
"2011-09-27 15:00:00",217.49971912
"2011-09-27 16:00:00",212.8901953
"2011-09-27 17:00:00",190.2181913
"2011-09-27 18:00:00",186.05784258
"2011-09-27 19:00:00",181.27569346
"2011-09-27 20:00:00",204.7470085
"2011-09-27 21:00:00",179.359927
"2011-09-27 22:00:00",164.54028662
"2011-09-27 23:00:00",164.54028662
"2011-09-28 00:00:00",161.7184375
"2011-09-28 01:00:00",161.7184375
"2011-09-28 02:00:00",175.25896464
"2011-09-28 03:00:00",145.28159312
"2011-09-28 04:00:00",161.7184375
"2011-09-28 05:00:00",140.499444
"2011-09-28 06:00:00",155.11245924
"2011-09-28 07:00:00",155.11245924
"2011-09-28 08:00:00",168.48036108
"2011-09-28 09:00:00",168.48036108
"2011-09-28 10:00:00",150.6810255
"2011-09-28 11:00:00",210.0736834
"2011-09-28 12:00:00",226.84227
"2011-09-28 13:00:00",259.92057864
"2011-09-28 14:00:00",302.16995614
"2011-09-28 15:00:00",261.28693396
"2011-09-28 16:00:00",264.4732543
"2011-09-28 17:00:00",266.06908308
"2011-09-28 18:00:00",223.88611564
"2011-09-28 19:00:00",223.88611564
"2011-09-28 20:00:00",208.9504287
"2011-09-28 21:00:00",186.95756464
"2011-09-28 22:00:00",166.50058662
"2011-09-28 23:00:00",141.81803046
"2011-09-29 00:00:00",146.9646508
"2011-09-29 01:00:00",130.1419468
"2011-09-29 02:00:00",130.1419468
"2011-09-29 03:00:00",152.8139508
"2011-09-29 04:00:00",179.8822443
"2011-09-29 05:00:00",175.1054324
"2011-09-29 06:00:00",174.31018662
"2011-09-29 07:00:00",170.84662396
"2011-09-29 08:00:00",183.280527
"2011-09-29 09:00:00",222.20813564
"2011-09-29 10:00:00",264.3414073
"2011-09-29 11:00:00",275.1459193
"2011-09-29 12:00:00",280.67149324
"2011-09-29 13:00:00",280.9020968
"2011-09-29 14:00:00",324.0356717
"2011-09-29 15:00:00",347.06442082
"2011-09-29 16:00:00",357.63299204
"2011-09-29 17:00:00",330.4147797
"2011-09-29 18:00:00",343.31992558
"2011-09-29 19:00:00",307.42225112
"2011-09-29 20:00:00",296.93906312
"2011-09-29 21:00:00",259.6340495
"2011-09-29 22:00:00",217.3555575
"2011-09-29 23:00:00",184.0215829
"2011-09-30 00:00:00",167.7352829
"2011-09-30 01:00:00",185.18663712
"2011-09-30 02:00:00",167.7352829
"2011-09-30 03:00:00",167.7352829
"2011-09-30 04:00:00",172.5120948
"2011-09-30 05:00:00",172.5120948
"2011-09-30 06:00:00",174.10792358
"2011-09-30 07:00:00",174.10792358
"2011-09-30 08:00:00",193.35766646
"2011-09-30 09:00:00",214.4645643
"2011-09-30 10:00:00",256.2688245
"2011-09-30 11:00:00",289.45473912
"2011-09-30 12:00:00",300.8760968
"2011-09-30 13:00:00",339.82020848
"2011-09-30 14:00:00",336.8644917
"2011-09-30 15:00:00",321.09664592
"2011-09-30 16:00:00",307.42713758
"2011-09-30 17:00:00",305.8313088
"2011-09-30 18:00:00",301.99997154
"2011-09-30 19:00:00",277.35363592
"2011-09-30 20:00:00",277.35363592
"2011-09-30 21:00:00",257.6628948
"2011-09-30 22:00:00",264.83611848
"2011-09-30 23:00:00",264.83611848
"2011-10-20 00:00:00",154.2185592
"2011-10-20 01:00:00",175.65147954
"2011-10-20 02:00:00",180.43362866
"2011-10-20 03:00:00",182.14871294
"2011-10-20 04:00:00",182.14871294
"2011-10-20 05:00:00",170.81514054
"2011-10-20 06:00:00",162.45999138
"2011-10-20 07:00:00",173.47602816
"2011-10-20 08:00:00",213.65388628
"2011-10-20 09:00:00",216.84020662
"2011-10-20 10:00:00",239.75729766
"2011-10-20 11:00:00",261.68855578
"2011-10-20 12:00:00",282.97625578
"2011-10-20 13:00:00",301.04205362
"2011-10-20 14:00:00",290.41604734
"2011-10-20 15:00:00",275.72068966
"2011-10-20 16:00:00",275.72068966
"2011-10-20 17:00:00",281.65766932
"2011-10-20 18:00:00",261.9669282
"2011-10-20 19:00:00",259.30394854
"2011-10-20 20:00:00",263.56275698
"2011-10-20 21:00:00",250.3614507
"2011-10-20 22:00:00",251.95727948
"2011-10-20 23:00:00",220.89738414
"2011-10-21 00:00:00",204.93710664
"2011-10-21 01:00:00",203.34661508
"2011-10-21 02:00:00",182.21060274
"2011-10-21 03:00:00",150.83140296
"2011-10-21 04:00:00",152.42723174
"2011-10-21 05:00:00",133.0269313
"2011-10-21 06:00:00",152.42723174
"2011-10-21 07:00:00",152.42723174
"2011-10-21 08:00:00",201.7507863
"2011-10-21 09:00:00",222.33434346
"2011-10-21 10:00:00",250.91004174
"2011-10-21 11:00:00",283.88443158
"2011-10-21 12:00:00",287.8659977
"2011-10-21 13:00:00",274.58234898
"2011-10-21 14:00:00",302.7745897
"2011-10-21 15:00:00",287.07075192
"2011-10-21 16:00:00",285.47492314
"2011-10-21 17:00:00",261.53615364
"2011-10-21 18:00:00",246.65667614
"2011-10-21 19:00:00",253.82989982
"2011-10-21 20:00:00",245.06618458
"2011-10-21 21:00:00",218.08087224
"2011-10-21 22:00:00",230.24527224
"2011-10-21 23:00:00",203.34661508
"2011-10-22 00:00:00",203.7110863
"2011-10-22 01:00:00",203.7110863
"2011-10-22 02:00:00",206.89740664
"2011-10-22 03:00:00",200.52476596
"2011-10-22 04:00:00",180.18933662
"2011-10-22 05:00:00",175.4071875
"2011-10-22 06:00:00",154.44551
"2011-10-22 07:00:00",140.3920009
"2011-10-22 08:00:00",165.9869795
"2011-10-22 09:00:00",188.68970612
"2011-10-22 10:00:00",216.3250439
"2011-10-22 11:00:00",216.3250439
"2011-10-22 12:00:00",236.72437562
"2011-10-22 13:00:00",273.894696
"2011-10-22 14:00:00",276.81455408
"2011-10-22 15:00:00",261.84195408
"2011-10-22 16:00:00",284.2489028
"2011-10-22 17:00:00",239.11011296
"2011-10-22 18:00:00",234.00929812
"2011-10-22 19:00:00",189.692849
"2011-10-22 20:00:00",183.907557
"2011-10-22 21:00:00",150.7814795
"2011-10-22 22:00:00",150.7814795
"2011-10-22 23:00:00",126.7495875
"2011-10-23 00:00:00",94.02611
"2011-10-23 01:00:00",94.02611
"2011-10-23 02:00:00",88.6266776200001
"2011-10-23 03:00:00",88.240818
"2011-10-23 04:00:00",88.240818
"2011-10-23 05:00:00",82.4846405
"2011-10-23 06:00:00",83.6366314
"2011-10-23 07:00:00",88.6266776200001
"2011-10-23 08:00:00",92.37230296
"2011-10-23 09:00:00",139.0196795
"2011-10-23 10:00:00",164.76350612
"2011-10-23 11:00:00",177.24544174
"2011-10-23 12:00:00",233.09802314
"2011-10-23 13:00:00",247.8613948
"2011-10-23 14:00:00",249.45722358
"2011-10-23 15:00:00",255.39420324
"2011-10-23 16:00:00",247.8613948
"2011-10-23 17:00:00",214.56098246
"2011-10-23 18:00:00",212.9704909
"2011-10-23 19:00:00",153.2762265
"2011-10-23 20:00:00",167.50769812
"2011-10-23 21:00:00",167.50769812
"2011-10-23 22:00:00",147.3121519
"2011-10-23 23:00:00",150.49847224
"2011-10-24 00:00:00",143.695057
"2011-10-24 01:00:00",129.90126596
"2011-10-24 02:00:00",113.1052744
"2011-10-24 03:00:00",127.51552862
"2011-10-24 04:00:00",122.7333795
"2011-10-24 05:00:00",101.7425875
"2011-10-24 06:00:00",113.1052744
"2011-10-24 07:00:00",91.8815824
"2011-10-24 08:00:00",124.85597224
"2011-10-24 09:00:00",148.88786424
"2011-10-24 10:00:00",159.42085364
"2011-10-24 11:00:00",196.59651124
"2011-10-24 12:00:00",211.3598829
"2011-10-24 13:00:00",235.68221558
"2011-10-24 14:00:00",234.0863868
"2011-10-24 15:00:00",244.56717274
"2011-10-24 16:00:00",228.2370868
"2011-10-24 17:00:00",207.10107446
"2011-10-24 18:00:00",234.82942912
"2011-10-24 19:00:00",157.5149185
"2011-10-24 20:00:00",151.3937134
"2011-10-24 21:00:00",130.4029214
"2011-10-24 22:00:00",175.86773374
"2011-10-24 23:00:00",160.01867562
"2011-10-25 00:00:00",158.60853546
"2011-10-25 01:00:00",158.60853546
"2011-10-25 02:00:00",137.61774346
"2011-10-25 03:00:00",109.4881795
"2011-10-25 04:00:00",110.87077396
"2011-10-25 05:00:00",110.87077396
"2011-10-25 06:00:00",124.4857824
"2011-10-25 07:00:00",153.2944863
"2011-10-25 08:00:00",166.646149
"2011-10-25 09:00:00",241.83635408
"2011-10-25 10:00:00",261.34742314
"2011-10-25 11:00:00",277.85184392
"2011-10-25 12:00:00",314.98860204
"2011-10-25 13:00:00",328.42280832
"2011-10-25 14:00:00",312.12628464
"2011-10-25 15:00:00",313.2864524
"2011-10-25 16:00:00",318.0632643
"2011-10-25 17:00:00",313.2864524
"2011-10-25 18:00:00",286.5394829
"2011-10-25 19:00:00",203.7473253
"2011-10-25 20:00:00",193.1852214
"2011-10-25 21:00:00",173.81403546
"2011-10-25 22:00:00",197.9620333
"2011-10-25 23:00:00",173.81403546
"2011-10-26 00:00:00",178.9606558
"2011-10-26 01:00:00",197.35247614
"2011-10-26 02:00:00",192.57566424
"2011-10-26 03:00:00",195.76198458
"2011-10-26 04:00:00",179.40278414
"2011-10-26 05:00:00",177.81229258
"2011-10-26 06:00:00",177.81229258
"2011-10-26 07:00:00",174.62597224
"2011-10-26 08:00:00",200.0154558
"2011-10-26 09:00:00",225.31715408
"2011-10-26 10:00:00",241.49021514
"2011-10-26 11:00:00",248.75111848
"2011-10-26 12:00:00",290.44568508
"2011-10-26 13:00:00",257.0000524
"2011-10-26 14:00:00",182.333188
"2011-10-26 15:00:00",182.333188
"2011-10-26 16:00:00",187.11533712
"2011-10-26 17:00:00",187.9105829
"2011-10-26 18:00:00",185.24760324
"2011-10-26 19:00:00",155.493096
"2011-10-26 20:00:00",137.246496
"2011-10-26 21:00:00",182.333188
"2011-10-26 22:00:00",142.12176762
"2011-10-26 23:00:00",142.12176762
"2011-10-27 00:00:00",109.4187265
"2011-10-27 01:00:00",109.4187265
"2011-10-27 02:00:00",121.1173265
"2011-10-27 03:00:00",121.1173265
"2011-10-27 04:00:00",145.1492185
"2011-10-27 05:00:00",149.93136762
"2011-10-27 06:00:00",169.151996
"2011-10-27 07:00:00",120.05017562
"2011-10-27 08:00:00",155.5034253
"2011-10-27 09:00:00",172.06641124
"2011-10-27 10:00:00",161.2596028
"2011-10-27 11:00:00",158.07328246
"2011-10-27 12:00:00",158.07328246
"2011-10-27 13:00:00",153.81981124
"2011-10-27 14:00:00",166.046888
"2011-10-27 15:00:00",171.6242829
"2011-10-27 16:00:00",216.76307274
"2011-10-27 17:00:00",218.40901294
"2011-10-27 18:00:00",227.85833544
"2011-10-27 19:00:00",216.31686594
"2011-10-27 20:00:00",206.2727655
"2011-10-27 21:00:00",217.31791678
"2011-10-27 22:00:00",174.3728315
"2011-10-27 23:00:00",179.81147338
"2011-10-28 00:00:00",162.22796214
"2011-10-28 01:00:00",156.44267014
"2011-10-28 02:00:00",158.03849892
"2011-10-28 03:00:00",140.11792142
"2011-10-28 04:00:00",155.32342142
"2011-10-28 05:00:00",171.74129264
"2011-10-28 06:00:00",147.94230064
"2011-10-28 07:00:00",147.94230064
"2011-10-28 08:00:00",167.48782142
"2011-10-28 09:00:00",182.22207858
"2011-10-28 10:00:00",188.00737058
"2011-10-28 11:00:00",219.47665208
"2011-10-28 12:00:00",267.12850274
"2011-10-28 13:00:00",264.23262308
"2011-10-28 14:00:00",235.8945233
"2011-10-28 15:00:00",243.77873964
"2011-10-28 16:00:00",234.30403174
"2011-10-28 17:00:00",220.54380296
"2011-10-28 18:00:00",213.01633174
"2011-10-28 19:00:00",220.54380296
"2011-10-28 20:00:00",187.54157058
"2011-10-28 21:00:00",155.62546224
"2011-10-28 22:00:00",136.61102142
"2011-10-28 23:00:00",116.33009198
"2011-10-29 00:00:00",92.6917857
"2011-10-29 01:00:00",98.4479632000001
"2011-10-29 02:00:00",98.4479632000001
"2011-10-29 03:00:00",123.06720388
"2011-10-29 04:00:00",123.06720388
"2011-10-29 05:00:00",67.44992454
"2011-10-29 06:00:00",85.69652454
"2011-10-29 07:00:00",85.69652454
"2011-10-29 08:00:00",95.87810604
"2011-10-29 09:00:00",95.87810604
"2011-10-29 10:00:00",65.85943298
"2011-10-29 11:00:00",69.04575332
"2011-10-29 12:00:00",82.6828295
"2011-10-29 13:00:00",84.27865828
"2011-10-29 14:00:00",80.29709216
"2011-10-29 15:00:00",54.7273496399999
"2011-10-29 16:00:00",54.31796348
"2011-10-29 17:00:00",54.31796348
"2011-10-29 18:00:00",54.31796348
"2011-10-29 19:00:00",68.21263254
"2011-10-29 20:00:00",68.21263254
"2011-10-29 21:00:00",68.21263254
"2011-10-29 22:00:00",59.68485808
"2011-10-29 23:00:00",62.5144333
"2011-10-30 00:00:00",47.92305808
"2011-10-30 01:00:00",49.51354964
"2011-10-30 02:00:00",51.10937842
"2011-10-30 03:00:00",92.94403254
"2011-10-30 04:00:00",70.39186348
"2011-10-30 05:00:00",89.7577122
"2011-10-30 06:00:00",91.79204164
"2011-10-30 07:00:00",95.8949015
"2011-10-30 08:00:00",115.58863158
"2011-10-30 09:00:00",143.92609264
"2011-10-30 10:00:00",161.90998562
"2011-10-30 11:00:00",200.55185208
"2011-10-30 12:00:00",222.6571943
"2011-10-30 13:00:00",251.32601508
"2011-10-30 14:00:00",270.6918638
"2011-10-30 15:00:00",278.22467224
"2011-10-30 16:00:00",285.75214346
"2011-10-30 17:00:00",269.2821744
"2011-10-30 18:00:00",235.30400296
"2011-10-30 19:00:00",283.2268592
"2011-10-30 20:00:00",179.473818
"2011-10-30 21:00:00",146.3477405
"2011-10-30 22:00:00",113.1925485
"2011-10-30 23:00:00",65.157879
"2011-10-31 00:00:00",67.118179
"2011-10-31 01:00:00",85.364779
"2011-10-31 02:00:00",61.3620015
"2011-10-31 03:00:00",58.1177029000001
"2011-10-31 04:00:00",61.3620015
"2011-10-31 05:00:00",37.3301095
"2011-10-31 06:00:00",61.3620015
"2011-10-31 07:00:00",43.1154015
"2011-10-31 08:00:00",78.752771
"2011-10-31 09:00:00",123.68836224
"2011-10-31 10:00:00",193.01073174
"2011-10-31 11:00:00",227.21646596
"2011-10-31 12:00:00",256.00139258
"2011-10-31 13:00:00",267.63598458
"2011-10-31 14:00:00",258.51268458
"2011-10-31 15:00:00",249.47706424
"2011-10-31 16:00:00",222.40407224
"2011-10-31 17:00:00",220.80824346
"2011-10-31 18:00:00",176.17312862
"2011-10-31 19:00:00",176.17312862
"2011-10-31 20:00:00",176.17312862
"2011-10-31 21:00:00",136.8203233
"2011-10-31 22:00:00",136.8203233
"2011-10-31 23:00:00",136.8203233
"2011-11-20 00:00:00",172.40910274
"2011-11-20 01:00:00",195.13560664
"2011-11-20 02:00:00",196.73143542
"2011-11-20 03:00:00",190.41633542
"2011-11-20 04:00:00",175.21083542
"2011-11-20 05:00:00",193.13141292
"2011-11-20 06:00:00",191.53558414
"2011-11-20 07:00:00",184.09579258
"2011-11-20 08:00:00",180.96701292
"2011-11-20 09:00:00",171.48926424
"2011-11-20 10:00:00",174.1522439
"2011-11-20 11:00:00",218.8197909
"2011-11-20 12:00:00",220.41028246
"2011-11-20 13:00:00",244.2904868
"2011-11-20 14:00:00",226.71891514
"2011-11-20 15:00:00",214.1763948
"2011-11-20 16:00:00",226.19557446
"2011-11-20 17:00:00",229.3818948
"2011-11-20 18:00:00",232.1260868
"2011-11-20 19:00:00",191.4498909
"2011-11-20 20:00:00",209.3995829
"2011-11-20 21:00:00",169.69296762
"2011-11-20 22:00:00",136.30487562
"2011-11-20 23:00:00",136.30487562
"2011-11-21 00:00:00",109.3871265
"2011-11-21 01:00:00",125.5906333
"2011-11-21 02:00:00",101.5878558
"2011-11-21 03:00:00",98.40153546
"2011-11-21 04:00:00",98.40153546
"2011-11-21 05:00:00",85.3843489999999
"2011-11-21 06:00:00",79.599057
"2011-11-21 07:00:00",118.15084174
"2011-11-21 08:00:00",109.3871265
"2011-11-21 09:00:00",120.7498134
"2011-11-21 10:00:00",160.165988
"2011-11-21 11:00:00",165.7433829
"2011-11-21 12:00:00",179.79518246
"2011-11-21 13:00:00",179.79518246
"2011-11-21 14:00:00",162.0198253
"2011-11-21 15:00:00",121.43028458
"2011-11-21 16:00:00",121.43028458
"2011-11-21 17:00:00",119.6265587
"2011-11-21 18:00:00",132.2957638
"2011-11-21 19:00:00",108.2929863
"2011-11-21 20:00:00",131.17651508
"2011-11-21 21:00:00",127.99019474
"2011-11-21 22:00:00",126.39436596
"2011-11-21 23:00:00",127.99019474
"2011-11-22 00:00:00",99.6911823999999
"2011-11-22 01:00:00",107.06696596
"2011-11-22 02:00:00",81.4445823999999
"2011-11-22 03:00:00",81.4445823999999
"2011-11-22 04:00:00",102.87750274
"2011-11-22 05:00:00",102.87750274
"2011-11-22 06:00:00",93.8418824
"2011-11-22 07:00:00",106.06382308
"2011-11-22 08:00:00",106.06382308
"2011-11-22 09:00:00",99.8990795
"2011-11-22 10:00:00",99.8990795
"2011-11-22 11:00:00",107.06696596
"2011-11-22 12:00:00",86.43462862
"2011-11-22 13:00:00",92.19080612
"2011-11-22 14:00:00",92.19080612
"2011-11-22 15:00:00",111.440549
"2011-11-22 16:00:00",111.440549
"2011-11-22 17:00:00",97.97609812
"2011-11-22 18:00:00",93.193949
"2011-11-22 19:00:00",122.7741214
"2011-11-22 20:00:00",105.05086208
"2011-11-22 21:00:00",106.64135364
"2011-11-22 22:00:00",133.2431028
"2011-11-22 23:00:00",130.67324564
"2011-11-23 00:00:00",132.63354564
"2011-11-23 01:00:00",135.0246202
"2011-11-23 02:00:00",149.81641804
"2011-11-23 03:00:00",149.81641804
"2011-11-23 04:00:00",173.84831004
"2011-11-23 05:00:00",123.6619333
"2011-11-23 06:00:00",89.304949
"2011-11-23 07:00:00",99.84327562
"2011-11-23 08:00:00",124.6704134
"2011-11-23 09:00:00",140.9886948
"2011-11-23 10:00:00",140.9886948
"2011-11-23 11:00:00",214.05763838
"2011-11-23 12:00:00",254.15086088
"2011-11-23 13:00:00",255.4813575
"2011-11-23 14:00:00",242.25627394
"2011-11-23 15:00:00",247.31032816
"2011-11-23 16:00:00",218.02059644
"2011-11-23 17:00:00",186.73313832
"2011-11-23 18:00:00",233.37131678
"2011-11-23 19:00:00",214.56883832
"2011-11-23 20:00:00",183.40116332
"2011-11-23 21:00:00",198.19193994
"2011-11-23 22:00:00",179.44700216
"2011-11-23 23:00:00",174.66485304
"2011-11-24 00:00:00",180.26177858
"2011-11-24 01:00:00",186.21969588
"2011-11-24 02:00:00",165.52752142
"2011-11-24 03:00:00",144.03476396
"2011-11-24 04:00:00",163.99500812
"2011-11-24 05:00:00",164.7902539
"2011-11-24 06:00:00",163.99500812
"2011-11-24 07:00:00",106.2479804
"2011-11-24 08:00:00",151.83060812
"2011-11-24 09:00:00",170.7543285
"2011-11-24 10:00:00",193.10031
"2011-11-24 11:00:00",274.9871587
"2011-11-24 12:00:00",297.75256208
"2011-11-24 13:00:00",312.66115408
"2011-11-24 14:00:00",328.4810977
"2011-11-24 15:00:00",326.09002314
"2011-11-24 16:00:00",318.56255192
"2011-11-24 17:00:00",306.2885134
"2011-11-24 18:00:00",236.46780612
"2011-11-24 19:00:00",219.3424744
"2011-11-24 20:00:00",135.26143174
"2011-11-24 21:00:00",150.46693174
"2011-11-24 22:00:00",150.46693174
"2011-11-24 23:00:00",130.7152234
"2011-11-25 00:00:00",131.43643974
"2011-11-25 01:00:00",131.494418
"2011-11-25 02:00:00",95.7469724
"2011-11-25 03:00:00",113.9935724
"2011-11-25 04:00:00",124.1751539
"2011-11-25 05:00:00",117.237871
"2011-11-25 06:00:00",89.9616804
"2011-11-25 07:00:00",93.205979
"2011-11-25 08:00:00",91.55217196
"2011-11-25 09:00:00",125.7382405
"2011-11-25 10:00:00",152.42723174
"2011-11-25 11:00:00",184.8095744
"2011-11-25 12:00:00",247.7237214
"2011-11-25 13:00:00",283.88443158
"2011-11-25 14:00:00",307.91632358
"2011-11-25 15:00:00",315.4437948
"2011-11-25 16:00:00",298.94471124
"2011-11-25 17:00:00",310.9638909
"2011-11-25 18:00:00",268.21617562
"2011-11-25 19:00:00",181.947257
"2011-11-25 20:00:00",208.34312862
"2011-11-25 21:00:00",152.48521
"2011-11-25 22:00:00",147.08577762
"2011-11-25 23:00:00",132.6755234
"2011-11-26 00:00:00",134.6358234
"2011-11-26 01:00:00",128.05528562
"2011-11-26 02:00:00",107.8888539
"2011-11-26 03:00:00",106.7077485
"2011-11-26 04:00:00",106.7077485
"2011-11-26 05:00:00",126.1354539
"2011-11-26 06:00:00",131.18950812
"2011-11-26 07:00:00",73.6753804
"2011-11-26 08:00:00",128.05528562
"2011-11-26 09:00:00",133.84057762
"2011-11-26 10:00:00",124.03451
"2011-11-26 11:00:00",198.9342744
"2011-11-26 12:00:00",238.350449
"2011-11-26 13:00:00",271.1796185
"2011-11-26 14:00:00",272.03240496
"2011-11-26 15:00:00",294.4446909
"2011-11-26 16:00:00",269.28821296
"2011-11-26 17:00:00",269.28821296
"2011-11-26 18:00:00",213.72607224
"2011-11-26 19:00:00",176.61842862
"2011-11-26 20:00:00",217.126757
"2011-11-26 21:00:00",132.5988875
"2011-11-26 22:00:00",150.8454875
"2011-11-26 23:00:00",124.03451
"2011-11-27 00:00:00",112.27271
"2011-11-27 01:00:00",112.27271
"2011-11-27 02:00:00",106.487418
"2011-11-27 03:00:00",88.240818
"2011-11-27 04:00:00",89.4219234000001
"2011-11-27 05:00:00",95.5586233
"2011-11-27 06:00:00",123.75150274
"2011-11-27 07:00:00",111.73232308
"2011-11-27 08:00:00",136.7046812
"2011-11-27 09:00:00",183.61808242
"2011-11-27 10:00:00",183.61808242
"2011-11-27 11:00:00",226.51101804
"2011-11-27 12:00:00",255.38773592
"2011-11-27 13:00:00",238.4411868
"2011-11-27 14:00:00",340.78191894
"2011-11-27 15:00:00",331.22295792
"2011-11-27 16:00:00",271.71248464
"2011-11-27 17:00:00",250.6055868
"2011-11-27 18:00:00",216.15681124
"2011-11-27 19:00:00",201.42255408
"2011-11-27 20:00:00",220.93362314
"2011-11-27 21:00:00",204.60887442
"2011-11-27 22:00:00",187.80754564
"2011-11-27 23:00:00",187.80754564
"2011-11-28 00:00:00",170.37288242
"2011-11-28 01:00:00",171.1681282
"2011-11-28 03:00:00",127.97828458
"2011-11-28 04:00:00",139.05699812
"2011-11-28 05:00:00",107.5278795
"2011-11-28 06:00:00",133.27170612
"2011-11-28 07:00:00",110.242957
"2011-11-28 08:00:00",97.845657
"2011-11-28 09:00:00",133.82758458
"2011-11-28 10:00:00",174.03900496
"2011-11-28 11:00:00",211.3598829
"2011-11-28 12:00:00",241.3808524
"2011-11-28 13:00:00",259.6024495
"2011-11-28 14:00:00",277.152714
"2011-11-28 15:00:00",250.35246474
"2011-11-28 16:00:00",246.1576643
"2011-11-28 17:00:00",264.1073563
"2011-11-28 18:00:00",235.58909308
"2011-11-28 19:00:00",202.46301558
"2011-11-28 20:00:00",209.90280714
"2011-11-28 21:00:00",196.14791558
"2011-11-28 22:00:00",165.7433829
"2011-11-28 23:00:00",167.33387446
"2011-11-29 00:00:00",156.276988
"2011-11-29 01:00:00",161.05913712
"2011-11-29 02:00:00",141.135496
"2011-11-29 03:00:00",141.135496
"2011-11-29 04:00:00",179.65371848
"2011-11-29 05:00:00",150.42255192
"2011-11-29 06:00:00",171.41334392
"2011-11-29 07:00:00",186.47362358
"2011-11-29 08:00:00",195.44523592
"2011-11-29 09:00:00",232.23229988
"2011-11-29 10:00:00",232.23229988
"2011-11-29 11:00:00",162.9163977
"2011-11-29 12:00:00",164.45269938
"2011-11-29 13:00:00",172.49031292
"2011-11-29 14:00:00",110.2532863
"2011-11-29 15:00:00",138.71420998
"2011-11-29 16:00:00",133.13681508
"2011-11-29 17:00:00",131.2690812
"2011-11-29 18:00:00",146.4745812
"2011-11-29 19:00:00",148.07040998
"2011-11-29 20:00:00",123.09271464
"2011-11-29 21:00:00",123.09271464
"2011-11-29 22:00:00",134.8399892
"2011-11-29 23:00:00",138.86546332
"2011-11-30 00:00:00",184.99165488
"2011-11-30 01:00:00",157.86886148
"2011-11-30 02:00:00",140.00626224
"2011-11-30 03:00:00",140.00626224
"2011-11-30 04:00:00",117.80550108
"2011-11-30 05:00:00",92.1777803
"2011-11-30 06:00:00",67.7944804
"2011-11-30 07:00:00",86.0410804
"2011-11-30 08:00:00",92.1777803
"2011-11-30 09:00:00",120.99182142
"2011-11-30 10:00:00",156.71687058
"2011-11-30 11:00:00",221.9510892
"2011-11-30 12:00:00",211.04296842
"2011-11-30 13:00:00",264.43880954
"2011-11-30 14:00:00",264.43880954
"2011-11-30 15:00:00",228.87244298
"2011-11-30 16:00:00",226.48136842
"2011-11-30 17:00:00",215.41686148
"2011-11-30 18:00:00",209.56756148
"2011-11-30 19:00:00",187.33709892
"2011-11-30 20:00:00",187.33709892
"2011-11-30 21:00:00",194.83330432
"2011-11-30 22:00:00",175.1425632
"2011-11-30 23:00:00",180.75553992
"2011-12-20 00:00:00",190.3317009
"2011-12-20 01:00:00",201.34411
"2011-12-20 02:00:00",177.079318
"2011-12-20 03:00:00",177.079318
"2011-12-20 04:00:00",208.3454009
"2011-12-20 05:00:00",195.02901
"2011-12-20 06:00:00",195.02901
"2011-12-20 07:00:00",179.82351
"2011-12-20 08:00:00",226.23210612
"2011-12-20 09:00:00",167.65911
"2011-12-20 10:00:00",219.6397638
"2011-12-20 11:00:00",200.12869474
"2011-12-20 12:00:00",234.40313546
"2011-12-20 13:00:00",234.40313546
"2011-12-20 14:00:00",220.6482439
"2011-12-20 15:00:00",227.235249
"2011-12-20 16:00:00",221.385949
"2011-12-20 17:00:00",194.27939474
"2011-12-20 18:00:00",177.9201943
"2011-12-20 19:00:00",167.5659875
"2011-12-20 20:00:00",161.80981
"2011-12-20 21:00:00",162.16655512
"2011-12-20 22:00:00",167.65911
"2011-12-20 23:00:00",185.5796875
"2011-12-21 00:00:00",78.92881096
"2011-12-21 01:00:00",102.7254009
"2011-12-21 02:00:00",86.36791
"2011-12-21 03:00:00",86.36791
"2011-12-21 04:00:00",86.36791
"2011-12-21 05:00:00",64.2493824
"2011-12-21 06:00:00",37.71031
"2011-12-21 07:00:00",38.8623009
"2011-12-21 08:00:00",25.3130099999999
"2011-12-21 09:00:00",61.20181508
"2011-12-21 10:00:00",109.84446088
"2011-12-21 11:00:00",109.84446088
"2011-12-21 12:00:00",90.07137732
"2011-12-21 13:00:00",61.2864507
"2011-12-21 14:00:00",88.41154054
"2011-12-21 15:00:00",90.00736932
"2011-12-21 16:00:00",44.63567948
"2011-12-21 17:00:00",44.63567948
"2011-12-21 18:00:00",37.1905507
"2011-12-21 19:00:00",74.3306264799999
"2011-12-21 20:00:00",75.9211180399999
"2011-12-21 21:00:00",84.33685192
"2011-12-21 22:00:00",82.74102314
"2011-12-21 23:00:00",79.5547028
"2011-12-22 00:00:00",100.8340909
"2011-12-22 01:00:00",40.39869812
"2011-12-22 02:00:00",89.2286133999999
"2011-12-22 03:00:00",126.48996424
"2011-12-22 04:00:00",61.95087396
"2011-12-22 05:00:00",54.7829875
"2011-12-22 06:00:00",33.82131
"2011-12-22 07:00:00",9.78941799999992
"2011-12-22 08:00:00",39.67061
"2011-12-22 09:00:00",50.20893662
"2011-12-22 10:00:00",71.19972862
"2011-12-22 11:00:00",93.164549
"2011-12-22 12:00:00",171.6102185
"2011-12-22 13:00:00",141.4961265
"2011-12-22 14:00:00",141.4961265
"2011-12-22 15:00:00",159.4458185
"2011-12-22 16:00:00",141.4961265
"2011-12-22 17:00:00",132.33926424
"2011-12-22 18:00:00",143.56319812
"2011-12-22 19:00:00",138.781049
"2011-12-22 20:00:00",111.475157
"2011-12-22 21:00:00",111.475157
"2011-12-22 22:00:00",28.4253008999999
"2011-12-22 23:00:00",57.0613795
"2011-12-23 00:00:00",69.3758863
"2011-12-23 01:00:00",69.3758863
"2011-12-23 02:00:00",39.11657396
"2011-12-23 03:00:00",39.11657396
"2011-12-23 04:00:00",47.08504342
"2011-12-23 05:00:00",19.0675232999999
"2011-12-23 06:00:00",70.28381464
"2011-12-23 07:00:00",68.69332308
"2011-12-23 08:00:00",94.3157066399999
"2011-12-23 09:00:00",127.1177812
"2011-12-23 10:00:00",142.46850154
"2011-12-23 11:00:00",159.41505066
"2011-12-23 12:00:00",175.56101678
"2011-12-23 13:00:00",184.53909644
"2011-12-23 14:00:00",169.98362188
"2011-12-23 15:00:00",161.01200954
"2011-12-23 16:00:00",169.9900892
"2011-12-23 17:00:00",142.30735208
"2011-12-23 18:00:00",148.59573964
"2011-12-23 19:00:00",134.9262313
"2011-12-23 20:00:00",107.58907348
"2011-12-23 21:00:00",102.01167858
"2011-12-23 22:00:00",89.6357538
"2011-12-23 23:00:00",90.84572296
"2011-12-24 00:00:00",83.69046224
"2011-12-24 01:00:00",95.9128405
"2011-12-24 02:00:00",96.2695856199999
"2011-12-24 03:00:00",84.1051856199999
"2011-12-24 04:00:00",95.85486224
"2011-12-24 05:00:00",95.85486224
"2011-12-24 06:00:00",62.69967024
"2011-12-24 07:00:00",73.58838354
"2011-12-24 08:00:00",63.4647803
"2011-12-24 09:00:00",152.80220388
"2011-12-24 10:00:00",161.5107805
"2011-12-24 11:00:00",173.64777554
"2011-12-24 12:00:00",179.84779092
"2011-12-24 13:00:00",176.2176327
"2011-12-24 14:00:00",176.2176327
"2011-12-24 15:00:00",170.87617858
"2011-12-24 16:00:00",164.5824538
"2011-12-24 17:00:00",140.73136396
"2011-12-24 18:00:00",157.65050812
"2011-12-24 19:00:00",127.23950812
"2011-12-24 20:00:00",101.49397196
"2011-12-24 21:00:00",98.69351124
"2011-12-24 22:00:00",109.5560015
"2011-12-24 23:00:00",88.569908
"2011-12-25 00:00:00",66.1762213
"2011-12-25 01:00:00",34.26011296
"2011-12-25 02:00:00",22.44946912
"2011-12-25 03:00:00",31.1869095
"2011-12-25 05:00:00",13.0631334
"2011-12-25 06:00:00",13.0631334
"2011-12-25 07:00:00",3.61381089999996
"2011-12-25 08:00:00",0
"2011-12-25 09:00:00",0
"2011-12-25 10:00:00",11.25561914
"2011-12-25 11:00:00",60.29407024
"2011-12-25 12:00:00",43.4347632
"2011-12-25 13:00:00",66.43077014
"2011-12-25 14:00:00",99.5859621399999
"2011-12-25 15:00:00",100.7959313
"2011-12-25 16:00:00",118.3651009
"2011-12-25 17:00:00",97.60961096
"2011-12-25 18:00:00",67.6698538
"2011-12-25 19:00:00",108.41412296
"2011-12-25 20:00:00",130.35718562
"2011-12-25 21:00:00",101.27364146
"2011-12-25 22:00:00",77.48238874
"2011-12-25 23:00:00",62.36227196
"2011-12-26 00:00:00",19.56964174
"2011-12-26 01:00:00",96.2386803
"2011-12-26 02:00:00",145.57227058
"2011-12-26 04:00:00",145.1284327
"2011-12-26 05:00:00",162.07498182
"2011-12-26 06:00:00",146.01439892
"2011-12-26 07:00:00",145.6576538
"2011-12-26 08:00:00",146.86762296
"2011-12-26 09:00:00",145.1284327
"2011-12-26 10:00:00",164.84657878
"2011-12-26 11:00:00",155.86849912
"2011-12-26 12:00:00",168.80073994
"2011-12-26 13:00:00",192.5598892
"2011-12-26 14:00:00",194.15571798
"2011-12-26 15:00:00",190.16881464
"2011-12-26 16:00:00",163.63806842
"2011-12-26 17:00:00",145.57227058
"2011-12-26 18:00:00",132.31748562
"2011-12-26 19:00:00",77.90370812
"2011-12-26 20:00:00",105.27360812
"2011-12-26 21:00:00",50.7708789999999
"2011-12-26 22:00:00",50.7708789999999
"2011-12-26 23:00:00",47.5265804
"2011-12-27 00:00:00",48.27691124
"2011-12-27 01:00:00",51.07737196
"2011-12-27 02:00:00",51.07737196
"2011-12-27 03:00:00",96.22390108
"2011-12-27 04:00:00",84.05950108
"2011-12-27 05:00:00",85.86151742
"2011-12-27 06:00:00",95.7800632
"2011-12-27 07:00:00",87.24582142
"2011-12-27 08:00:00",85.26947024
"2011-12-27 09:00:00",95.0729314
"2011-12-27 10:00:00",88.4283856199999
"2011-12-27 11:00:00",95.0729314
"2011-12-27 12:00:00",42.90500812
"2011-12-27 13:00:00",22.61874146
"2011-12-27 14:00:00",94.81620782
"2011-12-27 15:00:00",94.81620782
"2011-12-27 16:00:00",79.16857948
"2011-12-27 17:00:00",60.30866596
"2011-12-27 18:00:00",50.79324342
"2011-12-27 19:00:00",24.05743974
"2011-12-27 20:00:00",0.469385619999929
"2011-12-27 21:00:00",18.71598562
"2011-12-27 22:00:00",18.71598562
"2011-12-27 23:00:00",0
"2011-12-28 00:00:00",20.26156224
"2011-12-28 01:00:00",53.71366224
"2011-12-28 02:00:00",99.68157014
"2011-12-28 03:00:00",99.68157014
"2011-12-28 05:00:00",113.02707554
"2011-12-28 06:00:00",111.84597014
"2011-12-28 07:00:00",111.84597014
"2011-12-28 08:00:00",113.02707554
"2011-12-28 09:00:00",115.83287348
"2011-12-28 10:00:00",116.04077058
"2011-12-28 11:00:00",162.41693454
"2011-12-28 12:00:00",158.19327034
"2011-12-28 13:00:00",174.70415844
"2011-12-28 14:00:00",169.36270432
"2011-12-28 15:00:00",180.07649588
"2011-12-28 16:00:00",174.29120388
"2011-12-28 17:00:00",158.08540064
"2011-12-28 18:00:00",147.49443298
"2011-12-28 19:00:00",133.02434164
"2011-12-28 20:00:00",131.43385008
"2011-12-28 21:00:00",116.16851296
"2011-12-28 22:00:00",118.9743109
"2011-12-28 23:00:00",118.11574964
"2011-12-29 00:00:00",118.0411333
"2011-12-29 01:00:00",109.36225808
"2011-12-29 02:00:00",93.8907334
"2011-12-29 03:00:00",77.6814518
"2011-12-29 04:00:00",80.48724974
"2011-12-29 05:00:00",81.7263334
"2011-12-29 06:00:00",72.806232
"2011-12-29 07:00:00",47.77589562
"2011-12-29 08:00:00",63.450032
"2011-12-29 09:00:00",57.37082096
"2011-12-29 10:00:00",64.75194174
"2011-12-29 11:00:00",83.11635712
"2011-12-29 12:00:00",101.8321804
"2011-12-29 13:00:00",119.7818724
"2011-12-29 14:00:00",128.7823485
"2011-12-29 15:00:00",129.16820812
"2011-12-29 16:00:00",122.87507024
"2011-12-29 17:00:00",95.50517024
"2011-12-29 18:00:00",109.11484146
"2011-12-29 19:00:00",111.9497539
"2011-12-29 20:00:00",74.3982724
"2011-12-29 21:00:00",94.00246396
"2011-12-29 22:00:00",75.98876396
"2011-12-29 23:00:00",83.34077024
"2011-12-30 00:00:00",62.74356396
"2011-12-30 01:00:00",74.20343862
"2011-12-30 02:00:00",49.6116029
"2011-12-30 03:00:00",49.6116029
"2011-12-30 04:00:00",48.81635712
"2011-12-30 05:00:00",32.25096912
"2011-12-30 06:00:00",48.81635712
"2011-12-30 07:00:00",33.61085712
"2011-12-30 08:00:00",39.46015712
"2011-12-30 09:00:00",43.4065789999999
"2011-12-30 10:00:00",85.68159264
"2011-12-30 11:00:00",89.6357538
"2011-12-30 12:00:00",118.21562296
"2011-12-30 13:00:00",143.37450296
"2011-12-30 14:00:00",179.59852862
"2011-12-30 15:00:00",183.846557
"2011-12-30 16:00:00",185.0774638
"2011-12-30 17:00:00",150.65780274
"2011-12-30 18:00:00",110.15530296
"2011-12-30 19:00:00",156.06827338
"2011-12-30 20:00:00",100.8898234
"2011-12-30 21:00:00",106.6460009
"2011-12-30 22:00:00",84.44523974
"2011-12-30 23:00:00",105.78743964
"2011-12-31 00:00:00",142.90231798
"2011-12-31 01:00:00",146.29653542
"2011-12-31 02:00:00",146.29653542
"2011-12-31 03:00:00",146.29653542
"2011-12-31 04:00:00",104.10572308
"2011-12-31 05:00:00",80.17165208
"2011-12-31 06:00:00",108.57242862
"2011-12-31 07:00:00",88.6487875
"2011-12-31 08:00:00",48.54941096
"2011-12-31 09:00:00",76.9501875
"2011-12-31 10:00:00",91.4991947399999
"2011-12-31 11:00:00",112.46087224
"2011-12-31 12:00:00",245.8121897
"2011-12-31 13:00:00",241.2578045
"2011-12-31 14:00:00",193.58805698
"2011-12-31 15:00:00",214.510835
"2011-12-31 16:00:00",191.01819982
"2011-12-31 17:00:00",165.7500638
"2011-12-31 18:00:00",162.56374346
"2011-12-31 19:00:00",167.34589258
"2011-12-31 20:00:00",167.34589258
"2011-12-31 21:00:00",147.8294863
"2011-12-31 22:00:00",126.69347396
"2011-12-31 23:00:00",101.60501
"2012-01-20 00:00:00",125.2575042
"2012-01-20 01:00:00",123.86247196
"2012-01-20 02:00:00",123.86247196
"2012-01-20 03:00:00",104.3514029
"2012-01-20 04:00:00",74.2373109
"2012-01-20 05:00:00",74.2373109
"2012-01-20 06:00:00",76.33446642
"2012-01-20 07:00:00",44.41835808
"2012-01-20 08:00:00",61.21434964
"2012-01-20 09:00:00",115.68998382
"2012-01-20 10:00:00",129.48147842
"2012-01-20 11:00:00",159.77466304
"2012-01-20 12:00:00",152.10197148
"2012-01-20 13:00:00",160.9206242
"2012-01-20 14:00:00",157.6466242
"2012-01-20 15:00:00",156.4946333
"2012-01-20 16:00:00",143.03664974
"2012-01-20 17:00:00",168.86756912
"2012-01-20 18:00:00",152.60378762
"2012-01-20 19:00:00",144.2757334
"2012-01-20 20:00:00",152.60378762
"2012-01-20 21:00:00",143.48048762
"2012-01-20 22:00:00",141.82668058
"2012-01-20 23:00:00",49.59940708
"2012-01-21 00:00:00",51.55970708
"2012-01-21 01:00:00",0
"2012-01-21 02:00:00",0
"2012-01-21 03:00:00",0
"2012-01-21 04:00:00",0
"2012-01-21 05:00:00",0
"2012-01-21 06:00:00",0
"2012-01-21 07:00:00",0
"2012-01-21 08:00:00",0
"2012-01-21 09:00:00",0
"2012-01-21 10:00:00",0
"2012-01-21 11:00:00",0
"2012-01-21 12:00:00",14.22964974
"2012-01-21 13:00:00",14.61017214
"2012-01-21 14:00:00",17.2731518
"2012-01-21 15:00:00",17.2731518
"2012-01-21 16:00:00",12.5758427
"2012-01-21 17:00:00",17.35799182
"2012-01-21 18:00:00",32.56349182
"2012-01-21 19:00:00",7.17641031999996
"2012-01-21 20:00:00",6.81966519999997
"2012-01-21 21:00:00",16.38738998
"2012-01-21 22:00:00",25.0662652
"2012-01-21 23:00:00",0
"2012-01-22 00:00:00",0
"2012-01-22 01:00:00",13.3044652
"2012-01-22 02:00:00",12.50921942
"2012-01-22 03:00:00",27.71471942
"2012-01-22 04:00:00",0
"2012-01-22 05:00:00",9.38690707999998
"2012-01-22 06:00:00",3.53760707999998
"2012-01-22 07:00:00",3.53760707999998
"2012-01-22 08:00:00",3.53760707999998
"2012-01-22 09:00:00",3.53760707999998
"2012-01-22 10:00:00",2.32763791999998
"2012-01-22 11:00:00",0
"2012-01-22 12:00:00",0
"2012-01-22 13:00:00",0
"2012-01-22 14:00:00",0
"2012-01-22 15:00:00",0
"2012-01-22 16:00:00",0
"2012-01-22 17:00:00",0
"2012-01-22 18:00:00",0
"2012-01-22 19:00:00",0
"2012-01-22 20:00:00",0
"2012-01-22 21:00:00",0
"2012-01-22 22:00:00",0
"2012-01-22 23:00:00",0
"2012-01-23 00:00:00",0
"2012-01-23 01:00:00",0
"2012-01-23 02:00:00",0
"2012-01-23 03:00:00",0
"2012-01-23 04:00:00",8.91153199999999
"2012-01-23 05:00:00",0
"2012-01-23 06:00:00",0
"2012-01-23 07:00:00",0
"2012-01-23 08:00:00",0
"2012-01-23 09:00:00",0
"2012-01-23 10:00:00",0
"2012-01-23 11:00:00",0
"2012-01-23 12:00:00",0
"2012-01-23 13:00:00",0
"2012-01-23 14:00:00",0
"2012-01-23 15:00:00",0
"2012-01-23 16:00:00",0
"2012-01-23 17:00:00",0
"2012-01-23 18:00:00",0
"2012-01-23 19:00:00",0
"2012-01-23 20:00:00",0
"2012-01-23 21:00:00",0
"2012-01-23 22:00:00",0
"2012-01-23 23:00:00",0
"2012-01-24 00:00:00",0
"2012-01-24 01:00:00",6.25537013999992
"2012-01-24 02:00:00",4.66487857999992
"2012-01-24 03:00:00",8.7044229599999
"2012-01-24 04:00:00",0
"2012-01-24 05:00:00",0
"2012-01-24 06:00:00",7.49445379999993
"2012-01-24 07:00:00",8.7044229599999
"2012-01-24 08:00:00",8.7044229599999
"2012-01-24 09:00:00",24.56528562
"2012-01-24 10:00:00",0.469385619999929
"2012-01-24 11:00:00",22.46161096
"2012-01-24 12:00:00",24.05743974
"2012-01-24 13:00:00",24.05743974
"2012-01-24 14:00:00",51.2756520799999
"2012-01-24 15:00:00",104.71279474
"2012-01-24 16:00:00",97.2676659599999
"2012-01-24 17:00:00",112.80250612
"2012-01-24 18:00:00",122.25182862
"2012-01-24 19:00:00",167.24539812
"2012-01-24 20:00:00",51.8113405
"2012-01-24 21:00:00",78.55831
"2012-01-24 22:00:00",36.6058405
"2012-01-24 23:00:00",51.8113405
"2012-01-25 00:00:00",0
"2012-01-25 01:00:00",64.96500108
"2012-01-25 02:00:00",57.5838803
"2012-01-25 03:00:00",36.6222028
"2012-01-25 04:00:00",52.18444792
"2012-01-25 05:00:00",52.18444792
"2012-01-25 06:00:00",34.11865008
"2012-01-25 07:00:00",28.03645008
"2012-01-25 08:00:00",44.83244164
"2012-01-25 09:00:00",44.83244164
"2012-01-25 10:00:00",56.02853298
"2012-01-25 11:00:00",97.7403632
"2012-01-25 12:00:00",126.45942296
"2012-01-25 13:00:00",139.98371096
"2012-01-25 14:00:00",142.02337762
"2012-01-25 15:00:00",156.54611
"2012-01-25 16:00:00",129.41513974
"2012-01-25 17:00:00",135.20043174
"2012-01-25 18:00:00",86.92512296
"2012-01-25 19:00:00",135.322418
"2012-01-25 20:00:00",100.9206538
"2012-01-25 21:00:00",81.4384485
"2012-01-25 22:00:00",81.82430812
"2012-01-25 23:00:00",81.5315709999999
"2012-01-26 00:00:00",49.8365724
"2012-01-26 01:00:00",53.0808709999999
"2012-01-26 02:00:00",48.5974887399999
"2012-01-26 03:00:00",53.43761612
"2012-01-26 04:00:00",47.231571
"2012-01-26 05:00:00",60.0181539
"2012-01-26 06:00:00",34.8342709999999
"2012-01-26 07:00:00",35.19101612
"2012-01-26 08:00:00",35.19101612
"2012-01-26 09:00:00",40.5904485
"2012-01-26 10:00:00",38.93664146
"2012-01-26 11:00:00",23.5249539
"2012-01-26 12:00:00",50.47811096
"2012-01-26 13:00:00",94.0843875
"2012-01-26 14:00:00",105.4470744
"2012-01-26 15:00:00",111.2032519
"2012-01-26 16:00:00",104.65182862
"2012-01-26 17:00:00",105.625857
"2012-01-26 18:00:00",105.625857
"2012-01-26 19:00:00",90.2415744
"2012-01-26 20:00:00",73.58546596
"2012-01-26 21:00:00",90.2415744
"2012-01-26 22:00:00",60.3603824
"2012-01-26 23:00:00",66.4175795
"2012-01-27 00:00:00",81.9184066399999
"2012-01-27 01:00:00",65.12241508
"2012-01-27 02:00:00",38.95944346
"2012-01-27 03:00:00",52.77721292
"2012-01-27 04:00:00",29.5696812
"2012-01-27 05:00:00",55.16828748
"2012-01-27 06:00:00",36.92168748
"2012-01-27 07:00:00",35.3258587
"2012-01-27 08:00:00",99.9560519199999
"2012-01-27 09:00:00",99.9560519199999
"2012-01-27 10:00:00",51.33403374
"2012-01-27 11:00:00",62.13550496
"2012-01-27 12:00:00",87.7341112399999
"2012-01-27 13:00:00",186.00831294
"2012-01-27 14:00:00",202.94952484
"2012-01-27 15:00:00",197.41304898
"2012-01-27 16:00:00",197.81627784
"2012-01-27 17:00:00",196.66791462
"2012-01-27 18:00:00",186.129588
"2012-01-27 19:00:00",155.76896332
"2012-01-27 20:00:00",134.86825304
"2012-01-27 21:00:00",139.23567878
"2012-01-27 22:00:00",148.62848182
"2012-01-27 23:00:00",144.46279588
"2012-01-28 00:00:00",128.77202142
"2012-01-28 01:00:00",126.79567024
"2012-01-28 02:00:00",90.9833789999999
"2012-01-28 03:00:00",91.36923862
"2012-01-28 04:00:00",86.52911124
"2012-01-28 05:00:00",35.57115712
"2012-01-28 06:00:00",54.8162015
"2012-01-28 07:00:00",33.8254095
"2012-01-28 08:00:00",8.82418761999998
"2012-01-28 09:00:00",18.6199095
"2012-01-28 10:00:00",58.91857196
"2012-01-28 11:00:00",113.03544146
"2012-01-28 12:00:00",101.40212142
"2012-01-28 13:00:00",123.51216214
"2012-01-28 14:00:00",176.73253832
"2012-01-28 15:00:00",188.45480998
"2012-01-28 16:00:00",204.92477904
"2012-01-28 17:00:00",206.52060782
"2012-01-28 18:00:00",206.88019258
"2012-01-28 19:00:00",230.25158584
"2012-01-28 20:00:00",228.13433032
"2012-01-28 21:00:00",219.99653454
"2012-01-28 22:00:00",194.6674313
"2012-01-28 23:00:00",198.0345538
"2012-01-29 00:00:00",171.60480108
"2012-01-29 01:00:00",189.55278354
"2012-01-29 02:00:00",188.28831448
"2012-01-29 03:00:00",173.6730028
"2012-01-29 04:00:00",155.876708
"2012-01-29 05:00:00",83.21462096
"2012-01-29 06:00:00",119.5016334
"2012-01-29 07:00:00",125.79002096
"2012-01-29 08:00:00",110.91054346
"2012-01-29 09:00:00",101.78724346
"2012-01-29 10:00:00",143.41369046
"2012-01-29 11:00:00",181.02500908
"2012-01-29 12:00:00",198.64867858
"2012-01-29 13:00:00",198.64867858
"2012-01-29 14:00:00",200.23917014
"2012-01-29 15:00:00",216.41756842
"2012-01-29 16:00:00",235.74985488
"2012-01-29 17:00:00",235.74985488
"2012-01-29 18:00:00",216.29975304
"2012-01-29 19:00:00",191.11587014
"2012-01-29 20:00:00",153.35820108
"2012-01-29 21:00:00",174.79112142
"2012-01-29 22:00:00",203.01610432
"2012-01-29 23:00:00",172.75679198
"2012-01-30 00:00:00",212.41619588
"2012-01-30 01:00:00",78.2601245399999
"2012-01-30 02:00:00",108.96803254
"2012-01-30 03:00:00",104.6297213
"2012-01-30 04:00:00",85.17492096
"2012-01-30 05:00:00",85.17492096
"2012-01-30 06:00:00",114.19514964
"2012-01-30 07:00:00",115.79097842
"2012-01-30 08:00:00",97.72518058
"2012-01-30 09:00:00",97.72518058
"2012-01-30 10:00:00",124.91427842
"2012-01-30 11:00:00",134.868096
"2012-01-30 12:00:00",155.88345332
"2012-01-30 13:00:00",178.0514723
"2012-01-30 14:00:00",210.73072296
"2012-01-30 15:00:00",209.5207538
"2012-01-30 16:00:00",212.2358313
"2012-01-30 17:00:00",230.1855233
"2012-01-30 18:00:00",216.72753974
"2012-01-30 19:00:00",139.5209539
"2012-01-30 20:00:00",156.52847024
"2012-01-30 21:00:00",147.40517024
"2012-01-30 22:00:00",122.16330908
"2012-01-30 23:00:00",78.3181028
"2012-01-31 00:00:00",113.54970064
"2012-01-31 01:00:00",147.7116632
"2012-01-31 02:00:00",148.15550108
"2012-01-31 03:00:00",139.03220108
"2012-01-31 04:00:00",125.2719723
"2012-01-31 05:00:00",125.2719723
"2012-01-31 06:00:00",108.77288874
"2012-01-31 07:00:00",80.2784028
"2012-01-31 08:00:00",79.8978804
"2012-01-31 09:00:00",116.1486723
"2012-01-31 10:00:00",116.9740538
"2012-01-31 11:00:00",208.63353542
"2012-01-31 12:00:00",191.1821812
"2012-01-31 13:00:00",225.78596208
"2012-01-31 14:00:00",264.19252648
"2012-01-31 15:00:00",291.25905116
"2012-01-31 16:00:00",291.25905116
"2012-01-31 17:00:00",289.66322238
"2012-01-31 18:00:00",292.55910204
"2012-01-31 19:00:00",261.80145192
"2012-01-31 20:00:00",135.2114744
"2012-01-31 21:00:00",238.8908282
"2012-01-31 22:00:00",227.0524507
"2012-01-31 23:00:00",215.53807614
"2012-02-20 00:00:00",0
"2012-02-20 01:00:00",0
"2012-02-20 02:00:00",0
"2012-02-20 03:00:00",10.1227213
"2012-02-20 05:00:00",78.32413254
"2012-02-20 06:00:00",95.59366338
"2012-02-20 07:00:00",86.18296348
"2012-02-20 08:00:00",63.97446304
"2012-02-20 09:00:00",63.97446304
"2012-02-20 10:00:00",86.7063041599999
"2012-02-20 11:00:00",114.75332454
"2012-02-20 12:00:00",131.28660908
"2012-02-20 13:00:00",149.38152142
"2012-02-20 14:00:00",173.0275538
"2012-02-20 15:00:00",182.06547058
"2012-02-20 16:00:00",209.9016049
"2012-02-20 17:00:00",229.70311464
"2012-02-20 18:00:00",182.06547058
"2012-02-20 19:00:00",182.06547058
"2012-02-20 20:00:00",184.8659313
"2012-02-20 21:00:00",156.52847024
"2012-02-20 22:00:00",138.72570812
"2012-02-20 23:00:00",156.5864485
"2012-02-21 00:00:00",67.9366789999999
"2012-02-21 01:00:00",95.3065789999999
"2012-02-21 02:00:00",77.3860015
"2012-02-21 04:00:00",59.4363095
"2012-02-21 05:00:00",38.474632
"2012-02-21 06:00:00",20.228032
"2012-02-21 07:00:00",59.4363095
"2012-02-21 08:00:00",34.43508762
"2012-02-21 09:00:00",16.9837334
"2012-02-21 10:00:00",39.6858213
"2012-02-21 11:00:00",56.07344792
"2012-02-21 12:00:00",115.76771232
"2012-02-21 13:00:00",144.33807338
"2012-02-21 14:00:00",130.67630432
"2012-02-21 15:00:00",144.33807338
"2012-02-21 16:00:00",163.64295488
"2012-02-21 17:00:00",202.48865866
"2012-02-21 18:00:00",202.48865866
"2012-02-21 19:00:00",157.2703142
"2012-02-21 20:00:00",127.83536214
"2012-02-21 21:00:00",103.12603974
"2012-02-21 22:00:00",80.1548313
"2012-02-21 23:00:00",80.92527858
"2012-02-22 00:00:00",82.88557858
"2012-02-22 01:00:00",74.76072296
"2012-02-22 02:00:00",91.85719092
"2012-02-22 03:00:00",79.31467058
"2012-02-22 04:00:00",74.67533974
"2012-02-22 05:00:00",73.1702314
"2012-02-22 06:00:00",53.71366224
"2012-02-22 07:00:00",54.12838562
"2012-02-22 08:00:00",51.41330812
"2012-02-22 09:00:00",72.37498562
"2012-02-22 10:00:00",75.11917762
"2012-02-22 11:00:00",95.6661317399999
"2012-02-22 12:00:00",134.56633542
"2012-02-22 13:00:00",165.4465587
"2012-02-22 14:00:00",172.82767948
"2012-02-22 15:00:00",264.84743838
"2012-02-22 16:00:00",279.10600494
"2012-02-22 17:00:00",266.00113882
"2012-02-22 18:00:00",229.75274898
"2012-02-22 19:00:00",212.45308242
"2012-02-22 20:00:00",192.7914558
"2012-02-22 21:00:00",251.69047442
"2012-02-22 22:00:00",195.97777614
"2012-02-22 23:00:00",221.57638242
"2012-02-23 00:00:00",197.93807614
"2012-02-23 01:00:00",166.08180492
"2012-02-23 02:00:00",150.73108458
"2012-02-23 03:00:00",139.7790558
"2012-02-23 04:00:00",90.7649150799999
"2012-02-23 05:00:00",90.7649150799999
"2012-02-23 06:00:00",35.3538233
"2012-02-23 07:00:00",55.1962520799999
"2012-02-23 08:00:00",29.5685313
"2012-02-23 09:00:00",52.36133964
"2012-02-23 10:00:00",122.2951638
"2012-02-23 11:00:00",202.18497442
"2012-02-23 12:00:00",224.59192314
"2012-02-23 13:00:00",236.3141948
"2012-02-23 14:00:00",251.36800714
"2012-02-23 15:00:00",257.15976646
"2012-02-23 16:00:00",258.7891575
"2012-02-23 17:00:00",261.79669524
"2012-02-23 18:00:00",244.99536646
"2012-02-23 19:00:00",224.95684512
"2012-02-23 20:00:00",200.59561296
"2012-02-23 21:00:00",178.33388458
"2012-02-23 22:00:00",170.80107614
"2012-02-23 23:00:00",157.260549
"2012-02-24 00:00:00",157.68789812
"2012-02-24 01:00:00",145.2462558
"2012-02-24 02:00:00",110.32521292
"2012-02-24 03:00:00",75.45264346
"2012-02-24 04:00:00",54.49096596
"2012-02-24 05:00:00",63.5265863
"2012-02-24 06:00:00",61.93609474
"2012-02-24 07:00:00",98.57451508
"2012-02-24 08:00:00",98.36661798
"2012-02-24 09:00:00",66.0202396399999
"2012-02-24 10:00:00",65.66883174
"2012-02-24 11:00:00",61.0295009
"2012-02-24 12:00:00",93.79236596
"2012-02-24 13:00:00",113.1635519
"2012-02-24 14:00:00",136.8694214
"2012-02-24 15:00:00",69.3758863
"2012-02-24 16:00:00",69.3758863
"2012-02-24 17:00:00",49.0675519
"2012-02-24 18:00:00",37.640857
"2012-02-24 19:00:00",67.2501439
"2012-02-24 20:00:00",157.19629138
"2012-02-24 21:00:00",254.2344502
"2012-02-24 22:00:00",230.44603712
"2012-02-24 23:00:00",230.23814002
"2012-02-25 00:00:00",179.01696332
"2012-02-25 01:00:00",170.28065304
"2012-02-25 02:00:00",154.22007014
"2012-02-25 03:00:00",146.4295632
"2012-02-25 04:00:00",157.14869198
"2012-02-25 05:00:00",161.4021632
"2012-02-25 06:00:00",161.4021632
"2012-02-25 07:00:00",144.21645116
"2012-02-25 08:00:00",121.3685042
"2012-02-25 09:00:00",41.0117634799999
"2012-02-25 10:00:00",88.06162454
"2012-02-25 11:00:00",177.00672118
"2012-02-25 12:00:00",215.56497324
"2012-02-25 13:00:00",205.144462
"2012-02-25 14:00:00",209.98757834
"2012-02-25 15:00:00",207.24509588
"2012-02-25 16:00:00",220.70670712
"2012-02-25 17:00:00",186.10908354
"2012-02-25 18:00:00",208.86832962
"2012-02-25 19:00:00",170.52806966
"2012-02-25 20:00:00",185.22342734
"2012-02-25 21:00:00",156.71334098
"2012-02-25 22:00:00",150.36163794
"2012-02-25 23:00:00",138.84726338
"2012-02-26 00:00:00",128.29543254
"2012-02-26 01:00:00",117.58164098
"2012-02-26 02:00:00",117.58164098
"2012-02-26 03:00:00",123.9571213
"2012-02-26 04:00:00",123.9571213
"2012-02-26 05:00:00",110.64435808
"2012-02-26 06:00:00",111.82546348
"2012-02-26 07:00:00",83.1566427
"2012-02-26 08:00:00",85.19097214
"2012-02-26 09:00:00",101.52105808
"2012-02-26 10:00:00",132.54821124
"2012-02-26 11:00:00",140.28073992
"2012-02-26 12:00:00",152.97234146
"2012-02-26 13:00:00",165.1093365
"2012-02-26 14:00:00",186.1001285
"2012-02-26 15:00:00",193.5422165
"2012-02-26 16:00:00",193.53403964
"2012-02-26 17:00:00",196.36895208
"2012-02-26 18:00:00",177.20929092
"2012-02-26 19:00:00",181.31513974
"2012-02-26 20:00:00",151.23016224
"2012-02-26 21:00:00",134.72574146
"2012-02-26 22:00:00",144.23490108
"2012-02-26 23:00:00",86.93171124
"2012-02-27 00:00:00",77.0790191399999
"2012-02-27 01:00:00",64.70843158
"2012-02-27 02:00:00",44.6628042
"2012-02-27 03:00:00",25.32581924
"2012-02-27 04:00:00",2.76831295999996
"2012-02-27 05:00:00",2.76831295999996
"2012-02-27 06:00:00",40.91184164
"2012-02-27 07:00:00",69.73235008
"2012-02-27 08:00:00",62.178604
"2012-02-27 09:00:00",78.3181028
"2012-02-27 10:00:00",144.41857014
"2012-02-27 11:00:00",162.04223964
"2012-02-27 12:00:00",207.4684812
"2012-02-27 13:00:00",188.42663542
"2012-02-27 14:00:00",227.01198242
"2012-02-27 15:00:00",284.95873038
"2012-02-27 16:00:00",289.29875116
"2012-02-27 17:00:00",295.38095116
"2012-02-27 18:00:00",278.87653038
"2012-02-27 19:00:00",265.41854682
"2012-02-27 20:00:00",245.90214054
"2012-02-27 21:00:00",227.01198242
"2012-02-27 22:00:00",195.33117614
"2012-02-27 23:00:00",166.52247224
"2012-02-28 00:00:00",154.72254346
"2012-02-28 01:00:00",120.44810274
"2012-02-28 02:00:00",147.3758744
"2012-02-28 03:00:00",227.82060154
"2012-02-28 04:00:00",156.68327554
"2012-02-28 05:00:00",156.68327554
"2012-02-28 06:00:00",140.18419198
"2012-02-28 07:00:00",132.8321857
"2012-02-28 08:00:00",117.12834792
"2012-02-28 09:00:00",136.01850604
"2012-02-28 10:00:00",147.7116632
"2012-02-28 11:00:00",179.53406214
"2012-02-28 12:00:00",189.42520296
"2012-02-28 13:00:00",198.3132009
"2012-02-28 14:00:00",226.4444744
"2012-02-28 15:00:00",237.48760612
"2012-02-28 16:00:00",231.40540612
"2012-02-28 17:00:00",237.48760612
"2012-02-28 18:00:00",235.38697224
"2012-02-28 19:00:00",232.705457
"2012-02-28 20:00:00",221.95276596
"2012-02-28 21:00:00",149.9816234
"2012-02-28 22:00:00",149.9816234
"2012-02-28 23:00:00",120.45957858
"2012-02-29 00:00:00",124.8689314
"2012-02-29 01:00:00",137.0333314
"2012-02-29 02:00:00",107.54040108
"2012-02-29 03:00:00",60.83351612
"2012-02-29 05:00:00",39.87183862
"2012-02-29 06:00:00",51.47731612
"2012-02-29 07:00:00",25.43487196
"2012-02-29 08:00:00",47.8762724
"2012-02-29 09:00:00",44.42147024
"2012-02-29 10:00:00",44.42147024
"2012-02-29 11:00:00",23.3690723
"2012-02-29 12:00:00",18.0518734799999
"2012-02-29 13:00:00",25.3345345399999
"2012-02-29 14:00:00",25.3345345399999
"2012-02-29 15:00:00",79.59363542
"2012-02-29 16:00:00",82.25661508
"2012-02-29 17:00:00",58.01549474
"2012-02-29 18:00:00",55.1010795
"2012-02-29 19:00:00",54.8291744
"2012-02-29 20:00:00",66.57987224
"2012-02-29 21:00:00",66.57987224
"2012-02-29 22:00:00",53.11008414
"2012-02-29 23:00:00",53.11008414
"2012-03-20 00:00:00",125.60940662
"2012-03-20 01:00:00",78.81078
"2012-03-20 02:00:00",83.59292912
"2012-03-20 03:00:00",84.66008
"2012-03-20 04:00:00",86.04267446
"2012-03-20 05:00:00",60.628188
"2012-03-20 06:00:00",69.39190324
"2012-03-20 07:00:00",78.4275235799999
"2012-03-20 08:00:00",84.4521829
"2012-03-20 09:00:00",93.42379524
"2012-03-20 10:00:00",89.1649868
"2012-03-20 11:00:00",112.72563596
"2012-03-20 12:00:00",144.48535814
"2012-03-20 13:00:00",141.2990378
"2012-03-20 14:00:00",165.15963574
"2012-03-20 15:00:00",179.9230074
"2012-03-20 16:00:00",189.56964808
"2012-03-20 17:00:00",160.9008273
"2012-03-20 18:00:00",176.25154764
"2012-03-20 19:00:00",143.13663596
"2012-03-20 20:00:00",155.95639862
"2012-03-20 21:00:00",130.1834575
"2012-03-20 22:00:00",112.26288
"2012-03-20 23:00:00",88.230988
"2012-03-21 00:00:00",97.667788
"2012-03-21 01:00:00",117.65543712
"2012-03-21 02:00:00",99.05038246
"2012-03-21 03:00:00",108.0860028
"2012-03-21 04:00:00",104.89968246
"2012-03-21 05:00:00",104.89968246
"2012-03-21 06:00:00",85.67905408
"2012-03-21 07:00:00",89.9325253
"2012-03-21 08:00:00",85.1557134
"2012-03-21 09:00:00",106.49551124
"2012-03-21 10:00:00",127.48630324
"2012-03-21 11:00:00",127.48630324
"2012-03-21 12:00:00",142.75448
"2012-03-21 13:00:00",124.50788
"2012-03-21 14:00:00",145.4695575
"2012-03-21 15:00:00",145.4695575
"2012-03-21 16:00:00",160.6110495
"2012-03-21 17:00:00",192.13546962
"2012-03-21 18:00:00",187.3533205
"2012-03-21 19:00:00",206.9842245
"2012-03-21 20:00:00",144.40240662
"2012-03-21 21:00:00",124.2359749
"2012-03-21 22:00:00",121.63700324
"2012-03-21 23:00:00",136.90518
"2012-03-22 00:00:00",119.61573712
"2012-03-22 01:00:00",119.61573712
"2012-03-22 02:00:00",119.61573712
"2012-03-22 03:00:00",119.61573712
"2012-03-22 04:00:00",62.22486762
"2012-03-22 05:00:00",62.22486762
"2012-03-22 06:00:00",62.22486762
"2012-03-22 07:00:00",62.22486762
"2012-03-22 08:00:00",86.22764512
"2012-03-22 09:00:00",86.22764512
"2012-03-22 10:00:00",67.98104512
"2012-03-22 11:00:00",87.230788
"2012-03-22 12:00:00",121.6168868
"2012-03-22 13:00:00",152.14799862
"2012-03-22 14:00:00",182.7266154
"2012-03-22 15:00:00",205.4531193
"2012-03-22 16:00:00",218.9774073
"2012-03-22 17:00:00",223.14309324
"2012-03-22 18:00:00",223.14309324
"2012-03-22 19:00:00",226.543778
"2012-03-22 20:00:00",193.64546442
"2012-03-22 21:00:00",156.12956474
"2012-03-22 22:00:00",136.7292643
"2012-03-22 23:00:00",131.15720662
"2012-03-23 00:00:00",128.3353575
"2012-03-23 01:00:00",107.37368
"2012-03-23 02:00:00",112.15582912
"2012-03-23 03:00:00",107.1657829
"2012-03-23 04:00:00",88.9831909
"2012-03-23 05:00:00",83.405796
"2012-03-23 06:00:00",101.652396
"2012-03-23 07:00:00",93.6147824599999
"2012-03-23 08:00:00",90.57368246
"2012-03-23 09:00:00",106.13763712
"2012-03-23 10:00:00",124.5565524
"2012-03-23 11:00:00",191.8961034
"2012-03-23 12:00:00",246.30341358
"2012-03-23 13:00:00",285.4291475
"2012-03-23 14:00:00",310.6130304
"2012-03-23 15:00:00",312.20352196
"2012-03-23 16:00:00",313.79935074
"2012-03-23 17:00:00",313.79935074
"2012-03-23 18:00:00",293.07057324
"2012-03-23 19:00:00",272.3103848
"2012-03-23 20:00:00",278.24736446
"2012-03-23 21:00:00",255.6904969
"2012-03-23 22:00:00",226.04118042
"2012-03-23 23:00:00",204.81444764
"2012-03-24 00:00:00",181.6974495
"2012-03-24 01:00:00",165.48880662
"2012-03-24 02:00:00",148.3634749
"2012-03-24 03:00:00",148.3634749
"2012-03-24 04:00:00",123.53633712
"2012-03-24 05:00:00",133.36720324
"2012-03-24 06:00:00",133.36720324
"2012-03-24 07:00:00",110.78058246
"2012-03-24 08:00:00",95.7203028
"2012-03-24 09:00:00",131.77137446
"2012-03-24 10:00:00",119.7521948
"2012-03-24 11:00:00",95.7203028
"2012-03-24 12:00:00",108.95072358
"2012-03-24 13:00:00",110.54121514
"2012-03-24 14:00:00",134.36521004
"2012-03-24 15:00:00",113.51963838
"2012-03-24 16:00:00",107.1469977
"2012-03-24 17:00:00",121.41203158
"2012-03-24 18:00:00",91.62396208
"2012-03-24 19:00:00",86.84181296
"2012-03-24 20:00:00",66.0253558
"2012-03-24 21:00:00",66.0253558
"2012-03-24 22:00:00",69.21167614
"2012-03-24 23:00:00",83.20480492
"2012-03-25 00:00:00",71.44300492
"2012-03-25 01:00:00",45.81528414
"2012-03-25 02:00:00",54.0556587
"2012-03-25 03:00:00",72.3022587
"2012-03-25 04:00:00",68.04878748
"2012-03-25 05:00:00",40.05910664
"2012-03-25 06:00:00",40.05910664
"2012-03-25 07:00:00",62.29260998
"2012-03-25 08:00:00",62.29260998
"2012-03-25 09:00:00",58.30570664
"2012-03-25 10:00:00",83.58030998
"2012-03-25 11:00:00",58.30570664
"2012-03-25 12:00:00",56.71521508
"2012-03-25 13:00:00",77.53167224
"2012-03-25 14:00:00",83.31696424
"2012-03-25 15:00:00",84.9074558
"2012-03-25 16:00:00",113.6975185
"2012-03-25 17:00:00",139.44134512
"2012-03-25 18:00:00",139.44134512
"2012-03-25 19:00:00",148.19972314
"2012-03-25 20:00:00",125.64755408
"2012-03-25 21:00:00",122.46123374
"2012-03-25 22:00:00",99.87461296
"2012-03-25 23:00:00",105.65990496
"2012-03-26 00:00:00",115.06533374
"2012-03-26 01:00:00",113.99284564
"2012-03-26 02:00:00",88.37046208
"2012-03-26 03:00:00",105.0212333
"2012-03-26 04:00:00",97.67456424
"2012-03-26 05:00:00",112.88006424
"2012-03-26 06:00:00",93.4797638
"2012-03-26 07:00:00",129.6760558
"2012-03-26 08:00:00",161.68288458
"2012-03-26 09:00:00",216.24188242
"2012-03-26 10:00:00",277.16705362
"2012-03-26 11:00:00",286.61637612
"2012-03-26 12:00:00",277.34785578
"2012-03-26 13:00:00",298.27597102
"2012-03-26 14:00:00",273.36628966
"2012-03-26 15:00:00",294.28906768
"2012-03-26 16:00:00",308.04929646
"2012-03-26 17:00:00",294.95089766
"2012-03-26 18:00:00",283.11252016
"2012-03-26 19:00:00",278.62727904
"2012-03-26 20:00:00",275.55261678
"2012-03-26 21:00:00",271.212596
"2012-03-26 22:00:00",245.04143454
"2012-03-26 23:00:00",239.22727878
"2012-03-27 00:00:00",236.78659078
"2012-03-27 01:00:00",227.81497844
"2012-03-27 02:00:00",190.9491042
"2012-03-27 03:00:00",192.54493298
"2012-03-27 04:00:00",182.26793254
"2012-03-27 05:00:00",161.72097842
"2012-03-27 06:00:00",161.3642333
"2012-03-27 07:00:00",161.3642333
"2012-03-27 08:00:00",162.5162242
"2012-03-27 09:00:00",159.6830213
"2012-03-27 10:00:00",180.58373158
"2012-03-27 11:00:00",205.49957024
"2012-03-27 12:00:00",211.28486224
"2012-03-27 13:00:00",226.2270165
"2012-03-27 14:00:00",262.88136596
"2012-03-27 15:00:00",273.634057
"2012-03-27 16:00:00",273.634057
"2012-03-27 17:00:00",291.583749
"2012-03-27 18:00:00",287.53950612
"2012-03-27 19:00:00",282.757357
"2012-03-27 20:00:00",287.53950612
"2012-03-27 21:00:00",204.57973174
"2012-03-27 22:00:00",202.98390296
"2012-03-27 23:00:00",206.1702233
"2012-03-28 00:00:00",199.36396842
"2012-03-28 01:00:00",181.9126142
"2012-03-28 02:00:00",162.6077327
"2012-03-28 03:00:00",185.49126148
"2012-03-28 04:00:00",191.0359142
"2012-03-28 05:00:00",191.0359142
"2012-03-28 06:00:00",185.09893454
"2012-03-28 07:00:00",183.50844298
"2012-03-28 08:00:00",204.10220954
"2012-03-28 09:00:00",223.79295066
"2012-03-28 10:00:00",245.57696888
"2012-03-28 11:00:00",252.48684682
"2012-03-28 12:00:00",277.43420204
"2012-03-28 13:00:00",263.58618798
"2012-03-28 14:00:00",310.92692404
"2012-03-28 15:00:00",304.4666037
"2012-03-28 16:00:00",293.08425112
"2012-03-28 17:00:00",231.09866008
"2012-03-28 18:00:00",231.09866008
"2012-03-28 19:00:00",246.0635208
"2012-03-28 20:00:00",251.6409157
"2012-03-28 21:00:00",213.68587664
"2012-03-28 22:00:00",189.36354396
"2012-03-28 23:00:00",171.44296646
"2012-03-29 00:00:00",176.5895868
"2012-03-29 01:00:00",203.48824396
"2012-03-29 02:00:00",334.3557262
"2012-03-29 03:00:00",312.96137664
"2012-03-29 04:00:00",271.30581514
"2012-03-29 05:00:00",236.56013158
"2012-03-29 06:00:00",184.03375364
"2012-03-29 07:00:00",213.93994854
"2012-03-29 08:00:00",229.29066888
"2012-03-29 09:00:00",232.03486088
"2012-03-29 10:00:00",230.88649766
"2012-03-29 11:00:00",246.91433838
"2012-03-29 12:00:00",260.0192045
"2012-03-29 13:00:00",233.63715698
"2012-03-29 14:00:00",252.85131804
"2012-03-29 15:00:00",267.75991004
"2012-03-29 16:00:00",275.29271848
"2012-03-29 17:00:00",272.39683882
"2012-03-29 18:00:00",258.7882977
"2012-03-29 19:00:00",252.23687442
"2012-03-29 20:00:00",250.2879282
"2012-03-29 21:00:00",225.48990492
"2012-03-29 22:00:00",219.70461292
"2012-03-29 23:00:00",211.3765587
"2012-03-30 00:00:00",207.5806812
"2012-03-30 01:00:00",191.87684342
"2012-03-30 02:00:00",164.5455142
"2012-03-30 03:00:00",130.09311096
"2012-03-30 04:00:00",156.46157762
"2012-03-30 05:00:00",126.34748562
"2012-03-30 06:00:00",140.89762296
"2012-03-30 07:00:00",138.09716224
"2012-03-30 08:00:00",110.72726224
"2012-03-30 09:00:00",143.85333974
"2012-03-30 10:00:00",156.6979009
"2012-03-30 11:00:00",167.71031
"2012-03-30 12:00:00",170.4253875
"2012-03-30 13:00:00",194.2243795
"2012-03-30 14:00:00",182.0599795
"2012-03-30 15:00:00",187.816157
"2012-03-30 16:00:00",172.86753542
"2012-03-30 17:00:00",163.83191508
"2012-03-30 18:00:00",186.4717638
"2012-03-30 19:00:00",157.98261508
"2012-03-30 20:00:00",154.79629474
"2012-03-30 21:00:00",135.25077396
"2012-03-30 22:00:00",107.06323174
"2012-03-30 23:00:00",107.12121
"2012-03-31 00:00:00",91.7397943
"2012-03-31 01:00:00",121.6209863
"2012-03-31 02:00:00",127.52238414
"2012-03-31 03:00:00",100.71140664
"2012-03-31 04:00:00",130.43679938
"2012-03-31 05:00:00",99.1209150799999
"2012-03-31 06:00:00",66.21523174
"2012-03-31 07:00:00",66.21523174
"2012-03-31 08:00:00",67.8057233
"2012-03-31 09:00:00",121.6209863
"2012-03-31 10:00:00",118.43466596
"2012-03-31 11:00:00",142.04741296
"2012-03-31 12:00:00",155.8703185
"2012-03-31 13:00:00",201.65266646
"2012-03-31 14:00:00",193.18072314
"2012-03-31 15:00:00",212.72624392
"2012-03-31 16:00:00",195.5717977
"2012-03-31 17:00:00",178.17456088
"2012-03-31 18:00:00",159.66796594
"2012-03-31 19:00:00",150.27922816
"2012-03-31 20:00:00",143.99970998
"2012-03-31 21:00:00",143.99970998
"2012-03-31 22:00:00",134.22751464
"2012-03-31 23:00:00",101.61456842
"2012-04-20 00:00:00",159.4874134
"2012-04-20 01:00:00",112.8624333
"2012-04-20 02:00:00",88.8596558
"2012-04-20 03:00:00",84.0828439
"2012-04-20 04:00:00",60.0509519
"2012-04-20 05:00:00",54.473557
"2012-04-20 06:00:00",72.720157
"2012-04-20 07:00:00",54.473557
"2012-04-20 08:00:00",60.258849
"2012-04-20 09:00:00",89.04377562
"2012-04-20 10:00:00",139.6094028
"2012-04-20 11:00:00",176.95939524
"2012-04-20 12:00:00",235.7078563
"2012-04-20 13:00:00",290.8783088
"2012-04-20 14:00:00",290.79292558
"2012-04-20 15:00:00",280.0737968
"2012-04-20 16:00:00",290.5569848
"2012-04-20 17:00:00",284.85594592
"2012-04-20 18:00:00",274.37275792
"2012-04-20 19:00:00",259.1074208
"2012-04-20 20:00:00",224.99406474
"2012-04-20 21:00:00",181.11974396
"2012-04-20 22:00:00",181.73620714
"2012-04-20 23:00:00",157.41387446
"2012-04-21 00:00:00",148.95082358
"2012-04-21 01:00:00",148.95082358
"2012-04-21 02:00:00",144.16867446
"2012-04-21 03:00:00",127.96003158
"2012-04-21 04:00:00",129.55052314
"2012-04-21 05:00:00",129.55052314
"2012-04-21 06:00:00",127.96003158
"2012-04-21 07:00:00",131.14635192
"2012-04-21 08:00:00",138.37691514
"2012-04-21 09:00:00",151.54979524
"2012-04-21 10:00:00",228.00148042
"2012-04-21 11:00:00",240.87574298
"2012-04-21 12:00:00",253.21892558
"2012-04-21 13:00:00",263.70211358
"2012-04-21 14:00:00",301.40351392
"2012-04-21 15:00:00",323.81046264
"2012-04-21 16:00:00",312.91788848
"2012-04-21 17:00:00",365.56277432
"2012-04-21 18:00:00",310.9601785
"2012-04-21 19:00:00",198.691066
"2012-04-21 20:00:00",143.6401977
"2012-04-21 21:00:00",148.42234682
"2012-04-21 22:00:00",126.1854202
"2012-04-21 23:00:00",125.45418242
"2012-04-22 00:00:00",108.9102333
"2012-04-22 01:00:00",116.08345698
"2012-04-22 02:00:00",138.25408242
"2012-04-22 03:00:00",101.56356424
"2012-04-22 04:00:00",116.76906424
"2012-04-22 05:00:00",119.95538458
"2012-04-22 06:00:00",140.73827948
"2012-04-22 07:00:00",128.78310782
"2012-04-22 08:00:00",100.64820664
"2012-04-22 09:00:00",100.64820664
"2012-04-22 10:00:00",98.84981798
"2012-04-22 11:00:00",82.0484892
"2012-04-22 12:00:00",83.64431798
"2012-04-22 13:00:00",100.44030954
"2012-04-22 14:00:00",83.64431798
"2012-04-22 15:00:00",86.83063832
"2012-04-22 16:00:00",90.01695866
"2012-04-22 17:00:00",48.3707941599999
"2012-04-22 18:00:00",48.3707941599999
"2012-04-22 19:00:00",70.59896028
"2012-04-22 20:00:00",51.1712548799999
"2012-04-22 21:00:00",67.82736332
"2012-04-22 22:00:00",60.41737878
"2012-04-22 23:00:00",85.65923994
"2012-04-23 00:00:00",89.6247548799999
"2012-04-23 01:00:00",58.01025304
"2012-04-23 02:00:00",49.21057348
"2012-04-23 03:00:00",65.06609892
"2012-04-23 04:00:00",65.15922142
"2012-04-23 05:00:00",65.15922142
"2012-04-23 06:00:00",55.6797632
"2012-04-23 07:00:00",63.56339264
"2012-04-23 08:00:00",75.52219198
"2012-04-23 09:00:00",78.70851232
"2012-04-23 10:00:00",100.90927348
"2012-04-23 11:00:00",98.10347554
"2012-04-23 12:00:00",106.66785304
"2012-04-23 13:00:00",123.46918182
"2012-04-23 14:00:00",144.60519416
"2012-04-23 15:00:00",139.96586332
"2012-04-23 16:00:00",64.71538354
"2012-04-23 17:00:00",60.08379198
"2012-04-23 18:00:00",71.76862296
"2012-04-23 19:00:00",82.87057058
"2012-04-23 20:00:00",78.32436224
"2012-04-23 21:00:00",61.87977858
"2012-04-23 22:00:00",74.0655538
"2012-04-23 23:00:00",72.47506224
"2012-04-24 00:00:00",83.0851229599999
"2012-04-24 01:00:00",67.8796229599999
"2012-04-24 02:00:00",60.8203538
"2012-04-24 03:00:00",57.99077858
"2012-04-24 04:00:00",84.0908723
"2012-04-24 05:00:00",84.0908723
"2012-04-24 06:00:00",85.68670108
"2012-04-24 07:00:00",106.79359892
"2012-04-24 08:00:00",126.18856214
"2012-04-24 09:00:00",204.88610154
"2012-04-24 10:00:00",207.4559587
"2012-04-24 11:00:00",272.43717732
"2012-04-24 12:00:00",284.30466932
"2012-04-24 13:00:00",290.06084682
"2012-04-24 14:00:00",302.22524682
"2012-04-24 15:00:00",309.89793838
"2012-04-24 16:00:00",297.9479028
"2012-04-24 17:00:00",317.13383882
"2012-04-24 18:00:00",302.799196
"2012-04-24 19:00:00",316.33972314
"2012-04-24 20:00:00",305.44714898
"2012-04-24 21:00:00",275.45974174
"2012-04-24 22:00:00",239.3802439
"2012-04-24 23:00:00",223.67640612
"2012-04-25 00:00:00",226.639849
"2012-04-25 01:00:00",211.731257
"2012-04-25 02:00:00",130.57051
"2012-04-25 03:00:00",95.05698562
"2012-04-25 04:00:00",113.00667762
"2012-04-25 05:00:00",112.620818
"2012-04-25 06:00:00",112.620818
"2012-04-25 07:00:00",97.415318
"2012-04-25 08:00:00",88.35185512
"2012-04-25 09:00:00",172.196957
"2012-04-25 10:00:00",261.887188
"2012-04-25 11:00:00",275.13727446
"2012-04-25 12:00:00",301.05543592
"2012-04-25 13:00:00",309.70749308
"2012-04-25 14:00:00",329.03977954
"2012-04-25 15:00:00",333.59416474
"2012-04-25 16:00:00",353.89465098
"2012-04-25 17:00:00",352.2988222
"2012-04-25 18:00:00",351.50357642
"2012-04-25 19:00:00",346.7214273
"2012-04-25 20:00:00",314.70400662
"2012-04-25 21:00:00",214.31527446
"2012-04-25 22:00:00",204.403196
"2012-04-25 23:00:00",215.03464512
"2012-04-26 00:00:00",169.9634185
"2012-04-26 01:00:00",220.36206762
"2012-04-26 02:00:00",199.8696134
"2012-04-26 03:00:00",199.07436762
"2012-04-26 04:00:00",186.90996762
"2012-04-26 05:00:00",177.13130496
"2012-04-26 06:00:00",183.50394564
"2012-04-26 07:00:00",131.36444854
"2012-04-26 08:00:00",122.6007333
"2012-04-26 09:00:00",102.76364174
"2012-04-26 10:00:00",78.66774174
"2012-04-26 11:00:00",81.85406208
"2012-04-26 12:00:00",127.85077446
"2012-04-26 13:00:00",126.70241124
"2012-04-26 14:00:00",155.0689868
"2012-04-26 15:00:00",138.21031848
"2012-04-26 16:00:00",132.63292358
"2012-04-26 17:00:00",147.62919524
"2012-04-26 18:00:00",155.0689868
"2012-04-26 19:00:00",156.66481558
"2012-04-26 20:00:00",149.2196868
"2012-04-26 21:00:00",126.78362358
"2012-04-26 22:00:00",123.59730324
"2012-04-26 23:00:00",102.60651124
"2012-04-27 00:00:00",197.66780884
"2012-04-27 01:00:00",207.89506716
"2012-04-27 02:00:00",200.54306088
"2012-04-27 03:00:00",229.4763575
"2012-04-27 04:00:00",220.06908414
"2012-04-27 05:00:00",225.64647904
"2012-04-27 06:00:00",217.35400664
"2012-04-27 07:00:00",191.87684342
"2012-04-27 08:00:00",182.5257795
"2012-04-27 09:00:00",232.8143655
"2012-04-27 10:00:00",252.86469138
"2012-04-27 11:00:00",248.08787948
"2012-04-27 12:00:00",261.51674854
"2012-04-27 13:00:00",272.23587732
"2012-04-27 14:00:00",269.04955698
"2012-04-27 15:00:00",307.2990965
"2012-04-27 16:00:00",294.55381514
"2012-04-27 17:00:00",322.71783082
"2012-04-27 18:00:00",312.29561004
"2012-04-27 19:00:00",302.02394682
"2012-04-27 20:00:00",272.74068242
"2012-04-27 21:00:00",261.6975507
"2012-04-27 22:00:00",238.31568414
"2012-04-27 23:00:00",226.47730664
"2012-04-28 00:00:00",208.75220274
"2012-04-28 01:00:00",175.6291142
"2012-04-28 02:00:00",194.17433174
"2012-04-28 03:00:00",168.93247058
"2012-04-28 04:00:00",170.14243974
"2012-04-28 05:00:00",177.66991096
"2012-04-28 06:00:00",171.7329313
"2012-04-28 07:00:00",170.14243974
"2012-04-28 08:00:00",216.27967396
"2012-04-28 09:00:00",224.0843875
"2012-04-28 10:00:00",223.72480274
"2012-04-28 11:00:00",220.5384824
"2012-04-28 12:00:00",205.8377875
"2012-04-28 13:00:00",229.8696795
"2012-04-28 14:00:00",232.3128519
"2012-04-28 15:00:00",229.56219258
"2012-04-28 16:00:00",248.7242558
"2012-04-28 17:00:00",230.62934346
"2012-04-28 18:00:00",205.3079795
"2012-04-28 19:00:00",119.12630296
"2012-04-28 20:00:00",135.8924875
"2012-04-28 21:00:00",122.3126233
"2012-04-28 22:00:00",113.27700296
"2012-04-28 23:00:00",110.26363662
"2012-04-29 00:00:00",76.95350296
"2012-04-29 01:00:00",71.10420296
"2012-04-29 02:00:00",55.6634009
"2012-04-29 03:00:00",56.0439233
"2012-04-29 04:00:00",52.85760296
"2012-04-29 05:00:00",42.876818
"2012-04-29 06:00:00",41.22301096
"2012-04-29 07:00:00",47.07231096
"2012-04-29 08:00:00",95.03827396
"2012-04-29 09:00:00",116.02906596
"2012-04-29 10:00:00",131.56390612
"2012-04-29 11:00:00",186.9808265
"2012-04-29 12:00:00",219.6312134
"2012-04-29 13:00:00",222.3462909
"2012-04-29 14:00:00",261.79158
"2012-04-29 15:00:00",265.59234396
"2012-04-29 16:00:00",320.9371313
"2012-04-29 17:00:00",330.9155142
"2012-04-29 18:00:00",331.80148042
"2012-04-29 19:00:00",271.67454396
"2012-04-29 20:00:00",278.41210662
"2012-04-29 21:00:00",220.59877446
"2012-04-29 22:00:00",216.768896
"2012-04-29 23:00:00",168.4373185
"2012-04-30 00:00:00",124.8992439
"2012-04-30 01:00:00",103.11320612
"2012-04-30 02:00:00",123.74554346
"2012-04-30 03:00:00",104.37969474
"2012-04-30 04:00:00",145.94661464
"2012-04-30 05:00:00",145.94661464
"2012-04-30 06:00:00",194.1620863
"2012-04-30 07:00:00",185.0387863
"2012-04-30 08:00:00",206.3264863
"2012-04-30 09:00:00",212.1757863
"2012-04-30 10:00:00",222.42367224
"2012-04-30 11:00:00",215.8993439
"2012-04-30 12:00:00",208.36653546
"2012-04-30 13:00:00",205.35786762
"2012-04-30 14:00:00",201.33538246
"2012-04-30 15:00:00",205.5301829
"2012-04-30 16:00:00",200.7936643
"2012-04-30 17:00:00",199.20317274
"2012-04-30 18:00:00",208.23879308
"2012-04-30 19:00:00",191.90870714
"2012-04-30 20:00:00",198.1425948
"2012-04-30 21:00:00",198.1425948
"2012-04-30 22:00:00",208.71650324
"2012-04-30 23:00:00",211.90282358
"2012-05-20 00:00:00",221.1295444
"2012-05-20 01:00:00",212.8079575
"2012-05-20 02:00:00",212.8079575
"2012-05-20 03:00:00",199.66952912
"2012-05-20 04:00:00",157.39103712
"2012-05-20 05:00:00",140.2365909
"2012-05-20 06:00:00",169.19698246
"2012-05-20 07:00:00",162.9630948
"2012-05-20 08:00:00",209.40727274
"2012-05-20 09:00:00",317.71522914
"2012-05-20 10:00:00",316.7438797
"2012-05-20 11:00:00",312.25750848
"2012-05-20 12:00:00",318.04280048
"2012-05-20 13:00:00",313.97051392
"2012-05-20 14:00:00",319.22188632
"2012-05-20 15:00:00",320.90550038
"2012-05-20 16:00:00",308.50275754
"2012-05-20 17:00:00",297.78896598
"2012-05-20 18:00:00",278.18247798
"2012-05-20 19:00:00",241.00682038
"2012-05-20 20:00:00",241.00682038
"2012-05-20 21:00:00",209.33135132
"2012-05-20 22:00:00",188.19533898
"2012-05-20 23:00:00",180.52275304
"2012-05-21 00:00:00",138.7041512
"2012-05-21 01:00:00",141.89047154
"2012-05-21 02:00:00",112.28118464
"2012-05-21 03:00:00",127.0695592
"2012-05-21 04:00:00",132.9188592
"2012-05-21 05:00:00",132.9188592
"2012-05-21 06:00:00",132.9188592
"2012-05-21 07:00:00",132.9188592
"2012-05-21 08:00:00",130.52778464
"2012-05-21 09:00:00",128.93729308
"2012-05-21 10:00:00",137.90890542
"2012-05-21 11:00:00",146.64864224
"2012-05-21 12:00:00",151.42545414
"2012-05-21 13:00:00",157.27475414
"2012-05-21 14:00:00",154.0884338
"2012-05-21 15:00:00",194.6170073
"2012-05-21 16:00:00",197.80332764
"2012-05-21 17:00:00",215.72390514
"2012-05-21 18:00:00",183.9908954
"2012-05-21 19:00:00",201.11622712
"2012-05-21 20:00:00",197.74578696
"2012-05-21 21:00:00",194.00016162
"2012-05-21 22:00:00",187.24122374
"2012-05-21 23:00:00",187.76456442
"2012-05-22 00:00:00",141.78027664
"2012-05-22 01:00:00",141.25693596
"2012-05-22 02:00:00",139.6664444
"2012-05-22 03:00:00",139.6664444
"2012-05-22 04:00:00",121.86197274
"2012-05-22 05:00:00",129.3017643
"2012-05-22 06:00:00",124.5249524
"2012-05-22 07:00:00",124.5249524
"2012-05-22 08:00:00",120.26614396
"2012-05-22 09:00:00",145.4226219
"2012-05-22 10:00:00",164.25828012
"2012-05-22 11:00:00",159.476131
"2012-05-22 12:00:00",170.8097034
"2012-05-22 13:00:00",186.2231005
"2012-05-22 14:00:00",191.8004954
"2012-05-22 15:00:00",238.94679662
"2012-05-22 16:00:00",233.9858649
"2012-05-22 17:00:00",261.2376395
"2012-05-22 18:00:00",235.57635646
"2012-05-22 19:00:00",210.24441358
"2012-05-22 20:00:00",193.91432764
"2012-05-22 21:00:00",166.55089496
"2012-05-22 22:00:00",179.37065762
"2012-05-22 23:00:00",180.1659034
"2012-05-23 00:00:00",168.51119496
"2012-05-23 01:00:00",144.71994224
"2012-05-23 02:00:00",150.56924224
"2012-05-23 03:00:00",161.1645259
"2012-05-23 04:00:00",152.2528563
"2012-05-23 05:00:00",134.44838464
"2012-05-23 06:00:00",114.7866524
"2012-05-23 07:00:00",130.2000495
"2012-05-23 08:00:00",130.2000495
"2012-05-23 09:00:00",167.1926085
"2012-05-23 10:00:00",166.12545762
"2012-05-23 11:00:00",182.3341005
"2012-05-23 12:00:00",210.88612712
"2012-05-23 13:00:00",199.66219324
"2012-05-23 14:00:00",225.37225646
"2012-05-23 15:00:00",241.9742475
"2012-05-23 16:00:00",252.60569662
"2012-05-23 17:00:00",211.7744954
"2012-05-23 18:00:00",211.7744954
"2012-05-23 19:00:00",156.35453424
"2012-05-23 20:00:00",152.37296812
"2012-05-23 21:00:00",147.590819
"2012-05-23 22:00:00",156.35453424
"2012-05-23 23:00:00",143.12411346
"2012-05-24 00:00:00",142.69867612
"2012-05-24 01:00:00",123.09688662
"2012-05-24 02:00:00",118.3147375
"2012-05-24 03:00:00",129.7414324
"2012-05-24 04:00:00",132.92775274
"2012-05-24 05:00:00",132.92775274
"2012-05-24 06:00:00",132.92775274
"2012-05-24 07:00:00",143.4939219
"2012-05-24 08:00:00",185.67699496
"2012-05-24 09:00:00",187.27282374
"2012-05-24 10:00:00",215.79108696
"2012-05-24 11:00:00",221.54726446
"2012-05-24 12:00:00",252.7859424
"2012-05-24 13:00:00",273.92195474
"2012-05-24 14:00:00",279.82335258
"2012-05-24 15:00:00",281.41384414
"2012-05-24 16:00:00",286.99123904
"2012-05-24 17:00:00",283.00967292
"2012-05-24 18:00:00",282.68566998
"2012-05-24 19:00:00",254.0168492
"2012-05-24 20:00:00",223.20063392
"2012-05-24 21:00:00",185.12581174
"2012-05-24 22:00:00",176.0901914
"2012-05-24 23:00:00",177.68068296
"2012-05-25 00:00:00",152.83000546
"2012-05-25 01:00:00",150.44426812
"2012-05-25 02:00:00",151.511419
"2012-05-25 03:00:00",137.4579099
"2012-05-25 04:00:00",131.880515
"2012-05-25 05:00:00",136.66266412
"2012-05-25 06:00:00",137.4579099
"2012-05-25 07:00:00",140.64423024
"2012-05-25 08:00:00",140.2021019
"2012-05-25 09:00:00",141.79259346
"2012-05-25 10:00:00",188.31328524
"2012-05-25 11:00:00",186.71745646
"2012-05-25 12:00:00",240.5990239
"2012-05-25 13:00:00",255.71380346
"2012-05-25 14:00:00",267.87820346
"2012-05-25 15:00:00",269.0817053
"2012-05-25 16:00:00",302.44842208
"2012-05-25 17:00:00",273.86385442
"2012-05-25 18:00:00",269.0817053
"2012-05-25 19:00:00",262.08644414
"2012-05-25 20:00:00",236.64486274
"2012-05-25 21:00:00",235.04903396
"2012-05-25 22:00:00",194.5471729
"2012-05-25 23:00:00",184.35912408
"2012-05-26 00:00:00",157.74602224
"2012-05-26 01:00:00",156.15019346
"2012-05-26 02:00:00",137.90359346
"2012-05-26 03:00:00",133.5689099
"2012-05-26 04:00:00",135.15940146
"2012-05-26 05:00:00",161.16294614
"2012-05-26 06:00:00",138.3457218
"2012-05-26 07:00:00",142.60453024
"2012-05-26 08:00:00",175.75198296
"2012-05-26 09:00:00",159.3365138
"2012-05-26 10:00:00",193.45990558
"2012-05-26 11:00:00",217.2511583
"2012-05-26 12:00:00",254.71725658
"2012-05-26 13:00:00",263.3030093
"2012-05-26 14:00:00",264.89883808
"2012-05-26 15:00:00",268.08515842
"2012-05-26 16:00:00",301.30131764
"2012-05-26 17:00:00",311.84851364
"2012-05-26 18:00:00",302.9060158
"2012-05-26 19:00:00",260.56655658
"2012-05-26 20:00:00",287.9974238
"2012-05-26 21:00:00",265.3498358
"2012-05-26 22:00:00",220.43747864
"2012-05-26 23:00:00",220.43747864
"2012-05-27 00:00:00",214.77208524
"2012-05-27 01:00:00",191.11831358
"2012-05-27 02:00:00",188.40323608
"2012-05-27 03:00:00",185.21691574
"2012-05-27 04:00:00",146.2148258
"2012-05-27 05:00:00",146.2148258
"2012-05-27 06:00:00",144.62433424
"2012-05-27 07:00:00",124.99343024
"2012-05-27 08:00:00",147.5747138
"2012-05-27 09:00:00",159.35212408
"2012-05-27 10:00:00",198.49409714
"2012-05-27 11:00:00",237.17016458
"2012-05-27 12:00:00",244.54594814
"2012-05-27 13:00:00",271.4446053
"2012-05-27 14:00:00",274.63092564
"2012-05-27 15:00:00",295.83324242
"2012-05-27 16:00:00",295.83324242
"2012-05-27 17:00:00",305.7517882
"2012-05-27 18:00:00",277.0220002
"2012-05-27 19:00:00",271.4446053
"2012-05-27 20:00:00",268.79583224
"2012-05-27 21:00:00",228.37662038
"2012-05-27 22:00:00",147.559219
"2012-05-27 23:00:00",154.72710546
"2012-05-28 00:00:00",149.77095458
"2012-05-28 01:00:00",179.2036102
"2012-05-28 02:00:00",143.98566258
"2012-05-28 03:00:00",181.39192374
"2012-05-28 04:00:00",158.83441746
"2012-05-28 05:00:00",158.83441746
"2012-05-28 06:00:00",181.39192374
"2012-05-28 07:00:00",163.0001034
"2012-05-28 08:00:00",196.334078
"2012-05-28 09:00:00",232.2043475
"2012-05-28 10:00:00",232.2043475
"2012-05-28 11:00:00",234.34831546
"2012-05-28 12:00:00",258.05418496
"2012-05-28 13:00:00",287.77012142
"2012-05-28 14:00:00",287.77012142
"2012-05-28 15:00:00",311.2129552
"2012-05-28 16:00:00",312.80878398
"2012-05-28 17:00:00",311.2129552
"2012-05-28 18:00:00",296.3043632
"2012-05-28 19:00:00",304.0724737
"2012-05-28 20:00:00",276.9994817
"2012-05-28 21:00:00",258.28365842
"2012-05-28 22:00:00",229.56503624
"2012-05-28 23:00:00",216.04074824
"2012-05-29 00:00:00",194.2044583
"2012-05-29 01:00:00",194.2044583
"2012-05-29 02:00:00",168.67215646
"2012-05-29 03:00:00",188.80502592
"2012-05-29 04:00:00",178.47822408
"2012-05-29 05:00:00",178.47822408
"2012-05-29 06:00:00",178.47822408
"2012-05-29 07:00:00",178.47822408
"2012-05-29 08:00:00",209.4099583
"2012-05-29 09:00:00",230.51685614
"2012-05-29 10:00:00",238.6932227
"2012-05-29 11:00:00",268.7782002
"2012-05-29 12:00:00",307.62860248
"2012-05-29 13:00:00",325.69440032
"2012-05-29 14:00:00",327.28489188
"2012-05-29 15:00:00",334.81770032
"2012-05-29 16:00:00",340.389758
"2012-05-29 17:00:00",341.13520238
"2012-05-29 18:00:00",330.2081765
"2012-05-29 19:00:00",303.73540854
"2012-05-29 20:00:00",273.74488478
"2012-05-29 21:00:00",149.99280866
"2012-05-29 22:00:00",130.78176412
"2012-05-29 23:00:00",109.2060255
"2012-05-30 00:00:00",142.1308019
"2012-05-30 01:00:00",146.9076138
"2012-05-30 02:00:00",115.94847462
"2012-05-30 03:00:00",140.97710146
"2012-05-30 04:00:00",135.12780146
"2012-05-30 05:00:00",174.36049496
"2012-05-30 06:00:00",167.0138259
"2012-05-30 07:00:00",177.6399378
"2012-05-30 08:00:00",189.80193574
"2012-05-30 09:00:00",209.3421193
"2012-05-30 10:00:00",214.12426842
"2012-05-30 11:00:00",228.6225848
"2012-05-30 12:00:00",257.4126475
"2012-05-30 13:00:00",266.5359475
"2012-05-30 14:00:00",302.43362196
"2012-05-30 15:00:00",279.48912596
"2012-05-30 16:00:00",281.08495474
"2012-05-30 17:00:00",287.58657662
"2012-05-30 18:00:00",291.56814274
"2012-05-30 19:00:00",271.96165474
"2012-05-30 20:00:00",201.62106646
"2012-05-30 21:00:00",248.1105649
"2012-05-30 22:00:00",205.8320729
"2012-05-30 23:00:00",217.9964729
"2012-05-31 00:00:00",203.62668696
"2012-05-31 01:00:00",201.24094962
"2012-05-31 02:00:00",213.40534962
"2012-05-31 03:00:00",199.88106162
"2012-05-31 04:00:00",195.0989125
"2012-05-31 05:00:00",208.63943964
"2012-05-31 06:00:00",189.09925608
"2012-05-31 07:00:00",224.08088042
"2012-05-31 08:00:00",249.52892914
"2012-05-31 09:00:00",282.65970514
"2012-05-31 10:00:00",321.30690882
"2012-05-31 11:00:00",327.56789142
"2012-05-31 12:00:00",322.7857423
"2012-05-31 13:00:00",327.04150996
"2012-05-31 14:00:00",348.1775223
"2012-05-31 15:00:00",347.6727172
"2012-05-31 16:00:00",346.87747142
"2012-05-31 17:00:00",346.58703074
"2012-05-31 18:00:00",345.4333303
"2012-05-31 19:00:00",330.31855074
"2012-05-31 20:00:00",292.79148524
"2012-05-31 21:00:00",292.79148524
"2012-05-31 22:00:00",268.75959324
"2012-05-31 23:00:00",259.78151358
"2012-06-20 00:00:00",196.1647583
"2012-06-20 01:00:00",185.9831768
"2012-06-20 02:00:00",162.04670374
"2012-06-20 03:00:00",160.45087496
"2012-06-20 04:00:00",158.06513762
"2012-06-20 05:00:00",158.06513762
"2012-06-20 06:00:00",135.48625612
"2012-06-20 07:00:00",136.4602845
"2012-06-20 08:00:00",197.2372464
"2012-06-20 09:00:00",217.046933
"2012-06-20 10:00:00",314.10883596
"2012-06-20 11:00:00",332.2037483
"2012-06-20 12:00:00",342.45163424
"2012-06-20 13:00:00",343.9923244
"2012-06-20 14:00:00",369.7308138
"2012-06-20 15:00:00",377.326299
"2012-06-20 16:00:00",382.9036939
"2012-06-20 17:00:00",371.244099
"2012-06-20 18:00:00",371.244099
"2012-06-20 19:00:00",374.60304464
"2012-06-20 20:00:00",361.14506108
"2012-06-20 21:00:00",333.01549712
"2012-06-20 22:00:00",326.3686549
"2012-06-20 23:00:00",279.6891749
"2012-06-21 00:00:00",254.14637012
"2012-06-21 01:00:00",227.80231946
"2012-06-21 02:00:00",226.2118279
"2012-06-21 03:00:00",235.839933
"2012-06-21 04:00:00",200.02950062
"2012-06-21 05:00:00",200.8247464
"2012-06-21 06:00:00",205.87880062
"2012-06-21 07:00:00",205.87880062
"2012-06-21 08:00:00",249.364221
"2012-06-21 09:00:00",327.0579788
"2012-06-21 10:00:00",352.0692364
"2012-06-21 11:00:00",379.34841596
"2012-06-21 12:00:00",412.3228058
"2012-06-21 13:00:00",401.968599
"2012-06-21 14:00:00",394.46853274
"2012-06-21 15:00:00",422.57069174
"2012-06-21 16:00:00",409.13648546
"2012-06-21 17:00:00",385.7048175
"2012-06-21 18:00:00",382.5347363
"2012-06-21 19:00:00",395.96894258
"2012-06-21 20:00:00",373.4114363
"2012-06-21 21:00:00",341.9374563
"2012-06-21 22:00:00",309.96038074
"2012-06-21 23:00:00",313.71781062
"2012-06-22 00:00:00",272.9327974
"2012-06-22 01:00:00",259.46060724
"2012-06-22 02:00:00",228.3509105
"2012-06-22 03:00:00",228.3509105
"2012-06-22 04:00:00",279.5198025
"2012-06-22 05:00:00",274.12037012
"2012-06-22 06:00:00",269.338221
"2012-06-22 07:00:00",292.15603224
"2012-06-22 08:00:00",305.46879546
"2012-06-22 09:00:00",305.52393408
"2012-06-22 10:00:00",342.47989004
"2012-06-22 11:00:00",341.24898324
"2012-06-22 12:00:00",355.62002796
"2012-06-22 13:00:00",397.92924258
"2012-06-22 14:00:00",397.92924258
"2012-06-22 15:00:00",423.04682104
"2012-06-22 16:00:00",423.61793058
"2012-06-22 17:00:00",377.51398174
"2012-06-22 18:00:00",334.8675788
"2012-06-22 19:00:00",332.03184628
"2012-06-22 20:00:00",332.03184628
"2012-06-22 21:00:00",271.64192592
"2012-06-22 22:00:00",239.81045646
"2012-06-22 23:00:00",217.501078
"2012-06-23 00:00:00",171.664307
"2012-06-23 01:00:00",204.21927496
"2012-06-23 02:00:00",187.8678138
"2012-06-23 03:00:00",182.29575612
"2012-06-23 04:00:00",186.27732224
"2012-06-23 05:00:00",187.8678138
"2012-06-23 06:00:00",176.44645612
"2012-06-23 07:00:00",180.42802224
"2012-06-23 08:00:00",246.55290558
"2012-06-23 09:00:00",282.1825358
"2012-06-23 10:00:00",304.8301238
"2012-06-23 11:00:00",329.07354058
"2012-06-23 12:00:00",358.6500853
"2012-06-23 13:00:00",387.3798733
"2012-06-23 14:00:00",377.64042014
"2012-06-23 15:00:00",408.07738498
"2012-06-23 16:00:00",414.2205522
"2012-06-23 17:00:00",410.46958964
"2012-06-23 18:00:00",412.8606642
"2012-06-23 19:00:00",398.4859918
"2012-06-23 20:00:00",380.5362998
"2012-06-23 21:00:00",365.51160196
"2012-06-23 22:00:00",345.9714184
"2012-06-23 23:00:00",317.7464355
"2012-06-24 00:00:00",283.3370475
"2012-06-24 01:00:00",279.08901912
"2012-06-24 02:00:00",283.43017
"2012-06-24 03:00:00",239.85162712
"2012-06-24 04:00:00",235.069478
"2012-06-24 05:00:00",217.10759896
"2012-06-24 06:00:00",232.22771574
"2012-06-24 07:00:00",216.8769954
"2012-06-24 08:00:00",262.0493475
"2012-06-24 09:00:00",289.1223395
"2012-06-24 10:00:00",329.690505
"2012-06-24 11:00:00",336.85839146
"2012-06-24 12:00:00",370.07342058
"2012-06-24 13:00:00",373.25974092
"2012-06-24 14:00:00",394.7197562
"2012-06-24 15:00:00",402.57656758
"2012-06-24 16:00:00",392.32868164
"2012-06-24 17:00:00",386.24648164
"2012-06-24 18:00:00",378.80439364
"2012-06-24 19:00:00",363.2457762
"2012-06-24 20:00:00",330.76972414
"2012-06-24 21:00:00",300.44944458
"2012-06-24 22:00:00",288.2915119
"2012-06-24 23:00:00",279.1682119
"2012-06-25 00:00:00",275.56735614
"2012-06-25 01:00:00",254.67198308
"2012-06-25 02:00:00",239.46648308
"2012-06-25 03:00:00",238.34189714
"2012-06-25 04:00:00",200.79041564
"2012-06-25 05:00:00",212.57429324
"2012-06-25 06:00:00",190.22831174
"2012-06-25 07:00:00",215.76061358
"2012-06-25 08:00:00",229.3702848
"2012-06-25 09:00:00",253.0761543
"2012-06-25 10:00:00",299.22342424
"2012-06-25 11:00:00",356.02180898
"2012-06-25 12:00:00",338.2262067
"2012-06-25 13:00:00",307.0142412
"2012-06-25 14:00:00",341.85332414
"2012-06-25 15:00:00",363.78820994
"2012-06-25 16:00:00",386.87963582
"2012-06-25 17:00:00",407.72349794
"2012-06-25 18:00:00",390.68888666
"2012-06-25 19:00:00",385.69884044
"2012-06-25 20:00:00",374.42040666
"2012-06-25 21:00:00",356.50629648
"2012-06-25 22:00:00",361.37382882
"2012-06-25 23:00:00",344.66322048
"2012-06-26 00:00:00",345.26363248
"2012-06-26 01:00:00",341.00786482
"2012-06-26 02:00:00",281.91681342
"2012-06-26 03:00:00",270.07843592
"2012-06-26 04:00:00",270.8736817
"2012-06-26 05:00:00",260.74723882
"2012-06-26 06:00:00",243.8006897
"2012-06-26 07:00:00",246.98701004
"2012-06-26 08:00:00",266.06128798
"2012-06-26 09:00:00",285.74669188
"2012-06-26 10:00:00",322.52532404
"2012-06-26 11:00:00",342.27703238
"2012-06-26 12:00:00",351.31494916
"2012-06-26 13:00:00",371.41977494
"2012-06-26 14:00:00",371.41977494
"2012-06-26 15:00:00",383.25815244
"2012-06-26 16:00:00",386.5345545
"2012-06-26 17:00:00",380.86707788
"2012-06-26 18:00:00",377.68075754
"2012-06-26 19:00:00",370.51287108
"2012-06-26 20:00:00",361.86081392
"2012-06-26 21:00:00",343.5543768
"2012-06-26 22:00:00",340.95540514
"2012-06-26 23:00:00",310.57528846
"2012-06-27 00:00:00",315.7219088
"2012-06-27 01:00:00",306.68932924
"2012-06-27 02:00:00",257.66204396
"2012-06-27 03:00:00",270.18489862
"2012-06-27 04:00:00",320.58944114
"2012-06-27 05:00:00",313.06196992
"2012-06-27 06:00:00",280.53910542
"2012-06-27 07:00:00",317.04353604
"2012-06-27 08:00:00",316.81293248
"2012-06-27 09:00:00",327.20540004
"2012-06-27 10:00:00",340.93758514
"2012-06-27 11:00:00",373.32825398
"2012-06-27 12:00:00",380.5588172
"2012-06-27 13:00:00",399.77831548
"2012-06-27 14:00:00",406.06670304
"2012-06-27 15:00:00",409.98730194
"2012-06-27 16:00:00",416.63414416
"2012-06-27 17:00:00",413.44782382
"2012-06-27 18:00:00",399.77831548
"2012-06-27 19:00:00",387.91082348
"2012-06-27 20:00:00",368.8992223
"2012-06-27 21:00:00",347.76320996
"2012-06-27 22:00:00",331.85318462
"2012-06-27 23:00:00",302.79405646
"2012-06-28 00:00:00",288.2552729
"2012-06-28 01:00:00",270.513478
"2012-06-28 02:00:00",287.46002712
"2012-06-28 03:00:00",287.46002712
"2012-06-28 04:00:00",247.6871074
"2012-06-28 05:00:00",263.45255112
"2012-06-28 06:00:00",263.45255112
"2012-06-28 07:00:00",247.6871074
"2012-06-28 08:00:00",289.84576446
"2012-06-28 09:00:00",290.81866274
"2012-06-28 10:00:00",317.8009343
"2012-06-28 11:00:00",382.4009918
"2012-06-28 12:00:00",409.50470642
"2012-06-28 13:00:00",416.49996758
"2012-06-28 14:00:00",420.72217298
"2012-06-28 15:00:00",420.72217298
"2012-06-28 16:00:00",425.3873268
"2012-06-28 17:00:00",428.4284268
"2012-06-28 18:00:00",415.14477808
"2012-06-28 19:00:00",402.5609562
"2012-06-28 20:00:00",383.4592733
"2012-06-28 21:00:00",306.6948158
"2012-06-28 22:00:00",314.22762424
"2012-06-28 23:00:00",314.61461396
"2012-06-29 00:00:00",316.57491396
"2012-06-29 01:00:00",309.04744274
"2012-06-29 02:00:00",287.9903463
"2012-06-29 03:00:00",287.9903463
"2012-06-29 04:00:00",259.32686274
"2012-06-29 05:00:00",268.3049424
"2012-06-29 06:00:00",277.34056274
"2012-06-29 07:00:00",268.3049424
"2012-06-29 08:00:00",303.9423119
"2012-06-29 09:00:00",307.06462424
"2012-06-29 10:00:00",412.0923902
"2012-06-29 11:00:00",412.44854842
"2012-06-29 12:00:00",427.11650114
"2012-06-29 13:00:00",425.5229688
"2012-06-29 14:00:00",443.38257908
"2012-06-29 15:00:00",431.4325435
"2012-06-29 16:00:00",431.4325435
"2012-06-29 17:00:00",453.6251278
"2012-06-29 18:00:00",433.390946
"2012-06-29 19:00:00",395.4332928
"2012-06-29 20:00:00",419.58129064
"2012-06-29 21:00:00",367.0691193
"2012-06-29 22:00:00",339.7876433
"2012-06-29 23:00:00",339.7876433
"2012-06-30 00:00:00",173.88002224
"2012-06-30 01:00:00",177.06634258
"2012-06-30 02:00:00",159.267007
"2012-06-30 03:00:00",159.267007
"2012-06-30 04:00:00",133.8799255
"2012-06-30 05:00:00",162.18142224
"2012-06-30 06:00:00",162.18142224
"2012-06-30 07:00:00",162.18142224
"2012-06-30 08:00:00",162.18142224
"2012-06-30 09:00:00",162.18142224
"2012-06-30 10:00:00",420.02824064
"2012-06-30 11:00:00",420.02824064
"2012-06-30 12:00:00",420.02824064
"2012-06-30 13:00:00",420.02824064
"2012-06-30 14:00:00",420.02824064
"2012-06-30 15:00:00",420.02824064
"2012-06-30 16:00:00",424.07782074
"2012-06-30 17:00:00",407.57339996
"2012-06-30 18:00:00",395.7076175
"2012-06-30 19:00:00",370.33677514
"2012-06-30 20:00:00",344.26756474
"2012-06-30 21:00:00",344.26756474
"2012-06-30 22:00:00",302.31509524
"2012-06-30 23:00:00",298.33352912
"2012-07-20 00:00:00",173.69433362
"2012-07-20 01:00:00",164.38147096
"2012-07-20 02:00:00",167.84503362
"2012-07-20 03:00:00",168.6402794
"2012-07-20 04:00:00",171.82659974
"2012-07-20 05:00:00",170.23077096
"2012-07-20 06:00:00",171.82659974
"2012-07-20 07:00:00",173.4170913
"2012-07-20 08:00:00",204.68018524
"2012-07-20 09:00:00",225.43033796
"2012-07-20 10:00:00",227.02616674
"2012-07-20 11:00:00",259.8530398
"2012-07-20 12:00:00",210.52948524
"2012-07-20 13:00:00",207.3431649
"2012-07-20 14:00:00",217.66996674
"2012-07-20 15:00:00",218.9885532
"2012-07-20 16:00:00",213.44390048
"2012-07-20 17:00:00",185.36712688
"2012-07-20 18:00:00",218.46781898
"2012-07-20 19:00:00",190.68966292
"2012-07-20 20:00:00",202.11635782
"2012-07-20 21:00:00",197.57014948
"2012-07-20 22:00:00",184.5476258
"2012-07-20 23:00:00",189.32977492
"2012-07-21 00:00:00",197.13937492
"2012-07-21 01:00:00",189.69424614
"2012-07-21 02:00:00",171.75229342
"2012-07-21 03:00:00",170.15646464
"2012-07-21 04:00:00",170.39240542
"2012-07-21 05:00:00",168.79657664
"2012-07-21 06:00:00",168.79657664
"2012-07-21 07:00:00",162.94727664
"2012-07-21 08:00:00",178.15277664
"2012-07-21 09:00:00",174.9664563
"2012-07-21 10:00:00",168.79657664
"2012-07-21 11:00:00",183.90895414
"2012-07-21 12:00:00",188.16776258
"2012-07-21 13:00:00",184.98144224
"2012-07-21 14:00:00",164.30716464
"2012-07-21 15:00:00",170.15646464
"2012-07-21 16:00:00",166.9701443
"2012-07-21 17:00:00",165.37965274
"2012-07-21 18:00:00",161.1208443
"2012-07-21 19:00:00",159.53035274
"2012-07-21 20:00:00",165.37965274
"2012-07-21 21:00:00",159.53035274
"2012-07-21 22:00:00",156.3440324
"2012-07-21 23:00:00",150.7666375
"2012-07-22 00:00:00",144.5822324
"2012-07-22 01:00:00",147.76855274
"2012-07-22 02:00:00",144.5822324
"2012-07-22 03:00:00",144.5822324
"2012-07-22 04:00:00",133.1555375
"2012-07-22 05:00:00",133.1555375
"2012-07-22 06:00:00",169.17406812
"2012-07-22 07:00:00",164.391919
"2012-07-22 08:00:00",185.3535965
"2012-07-22 09:00:00",222.905078
"2012-07-22 10:00:00",207.699578
"2012-07-22 11:00:00",207.699578
"2012-07-22 12:00:00",236.9828424
"2012-07-22 13:00:00",251.39309662
"2012-07-22 14:00:00",253.4795239
"2012-07-22 15:00:00",253.4795239
"2012-07-22 16:00:00",259.2648159
"2012-07-22 17:00:00",265.63745658
"2012-07-22 18:00:00",262.45113624
"2012-07-22 19:00:00",244.50144424
"2012-07-22 20:00:00",226.58086674
"2012-07-22 21:00:00",208.1890464
"2012-07-22 22:00:00",228.1713583
"2012-07-22 23:00:00",201.19378524
"2012-07-23 00:00:00",154.15453362
"2012-07-23 01:00:00",159.7265913
"2012-07-23 02:00:00",144.79833362
"2012-07-23 03:00:00",144.79833362
"2012-07-23 04:00:00",147.18407096
"2012-07-23 05:00:00",147.18407096
"2012-07-23 06:00:00",174.61081912
"2012-07-23 07:00:00",196.53433796
"2012-07-23 08:00:00",220.3309279
"2012-07-23 09:00:00",248.73239696
"2012-07-23 10:00:00",289.59918
"2012-07-23 11:00:00",330.13378324
"2012-07-23 12:00:00",330.13378324
"2012-07-23 13:00:00",326.9474629
"2012-07-23 14:00:00",307.48619524
"2012-07-23 15:00:00",321.1770788
"2012-07-23 16:00:00",332.87023596
"2012-07-23 17:00:00",332.87023596
"2012-07-23 18:00:00",345.1300549
"2012-07-23 19:00:00",329.06129514
"2012-07-23 20:00:00",282.33201374
"2012-07-23 21:00:00",283.9225053
"2012-07-23 22:00:00",273.7409238
"2012-07-23 23:00:00",258.62614424
"2012-07-24 00:00:00",228.90563796
"2012-07-24 01:00:00",205.11438524
"2012-07-24 02:00:00",182.76840374
"2012-07-24 03:00:00",182.76840374
"2012-07-24 04:00:00",178.78683762
"2012-07-24 05:00:00",179.5820834
"2012-07-24 06:00:00",181.17257496
"2012-07-24 07:00:00",230.50146674
"2012-07-24 08:00:00",255.7978278
"2012-07-24 09:00:00",334.803131
"2012-07-24 10:00:00",335.8552552
"2012-07-24 11:00:00",358.17986148
"2012-07-24 12:00:00",337.72298908
"2012-07-24 13:00:00",356.5840327
"2012-07-24 14:00:00",352.60246658
"2012-07-24 15:00:00",352.7175512
"2012-07-24 16:00:00",328.7147737
"2012-07-24 17:00:00",335.00849848
"2012-07-24 18:00:00",293.05602898
"2012-07-24 19:00:00",284.29231374
"2012-07-24 20:00:00",266.37173624
"2012-07-24 21:00:00",269.55805658
"2012-07-24 22:00:00",271.14854814
"2012-07-24 23:00:00",295.03884748
"2012-07-25 00:00:00",289.6471412
"2012-07-25 01:00:00",278.2844543
"2012-07-25 02:00:00",265.00080558
"2012-07-25 03:00:00",247.05111358
"2012-07-25 04:00:00",241.29493608
"2012-07-25 05:00:00",238.10861574
"2012-07-25 06:00:00",239.6991073
"2012-07-25 07:00:00",298.24500848
"2012-07-25 08:00:00",325.73208514
"2012-07-25 09:00:00",349.0848372
"2012-07-25 10:00:00",334.5131235
"2012-07-25 11:00:00",352.4628155
"2012-07-25 12:00:00",352.4628155
"2012-07-25 13:00:00",373.06490824
"2012-07-25 14:00:00",383.33657146
"2012-07-25 15:00:00",369.08334212
"2012-07-25 16:00:00",384.93240024
"2012-07-25 17:00:00",370.086485
"2012-07-25 18:00:00",389.41877146
"2012-07-25 19:00:00",359.63070196
"2012-07-25 20:00:00",334.15353874
"2012-07-25 21:00:00",315.99232196
"2012-07-25 22:00:00",275.09813396
"2012-07-25 23:00:00",281.1467717
"2012-07-26 00:00:00",247.4155848
"2012-07-26 01:00:00",249.01141358
"2012-07-26 02:00:00",238.43750514
"2012-07-26 03:00:00",236.84701358
"2012-07-26 04:00:00",220.0456848
"2012-07-26 05:00:00",220.0456848
"2012-07-26 06:00:00",206.67131564
"2012-07-26 07:00:00",239.19887864
"2012-07-26 08:00:00",245.04817864
"2012-07-26 09:00:00",256.59611546
"2012-07-26 10:00:00",261.31425658
"2012-07-26 11:00:00",308.41969058
"2012-07-26 12:00:00",347.56636214
"2012-07-26 13:00:00",364.8369142
"2012-07-26 14:00:00",396.65931314
"2012-07-26 15:00:00",420.0120652
"2012-07-26 16:00:00",433.92221282
"2012-07-26 17:00:00",407.07982438
"2012-07-26 18:00:00",424.88429604
"2012-07-26 19:00:00",402.30301248
"2012-07-26 20:00:00",367.17285014
"2012-07-26 21:00:00",363.18341718
"2012-07-26 22:00:00",363.18341718
"2012-07-26 23:00:00",250.74681546
"2012-07-27 00:00:00",245.539229
"2012-07-27 01:00:00",251.1166239
"2012-07-27 02:00:00",219.58103796
"2012-07-27 03:00:00",236.38236674
"2012-07-27 04:00:00",212.4131515
"2012-07-27 05:00:00",197.2076515
"2012-07-27 06:00:00",212.4131515
"2012-07-27 07:00:00",255.8934358
"2012-07-27 08:00:00",278.45265162
"2012-07-27 09:00:00",357.80320542
"2012-07-27 10:00:00",350.1089375
"2012-07-27 11:00:00",367.63636798
"2012-07-27 12:00:00",367.57006354
"2012-07-27 13:00:00",365.24529342
"2012-07-27 14:00:00",376.2221207
"2012-07-27 15:00:00",386.09086508
"2012-07-27 16:00:00",362.05897308
"2012-07-27 17:00:00",389.27718542
"2012-07-27 18:00:00",356.15757524
"2012-07-27 19:00:00",343.8977563
"2012-07-27 20:00:00",306.2917749
"2012-07-27 21:00:00",306.2917749
"2012-07-27 22:00:00",307.88226646
"2012-07-27 23:00:00",273.6705025
"2012-07-28 00:00:00",280.35610346
"2012-07-28 01:00:00",252.28167812
"2012-07-28 02:00:00",247.499529
"2012-07-28 03:00:00",247.499529
"2012-07-28 04:00:00",224.7276583
"2012-07-28 05:00:00",212.95558524
"2012-07-28 06:00:00",242.8953424
"2012-07-28 07:00:00",254.66741546
"2012-07-28 08:00:00",274.21293624
"2012-07-28 09:00:00",308.2520749
"2012-07-28 10:00:00",347.45388508
"2012-07-28 11:00:00",379.52637958
"2012-07-28 12:00:00",377.86958358
"2012-07-28 13:00:00",391.23748542
"2012-07-28 14:00:00",391.29845264
"2012-07-28 15:00:00",415.54186942
"2012-07-28 16:00:00",389.70796108
"2012-07-28 17:00:00",359.7083668
"2012-07-28 18:00:00",369.18841192
"2012-07-28 19:00:00",192.02747
"2012-07-28 20:00:00",193.79592408
"2012-07-28 21:00:00",201.83353762
"2012-07-28 22:00:00",201.83353762
"2012-07-28 23:00:00",186.62803762
"2012-07-29 00:00:00",154.57997096
"2012-07-29 01:00:00",175.6614834
"2012-07-29 02:00:00",209.01816446
"2012-07-29 03:00:00",229.00581358
"2012-07-29 04:00:00",221.6538073
"2012-07-29 05:00:00",188.4986153
"2012-07-29 06:00:00",207.89891574
"2012-07-29 07:00:00",230.59630514
"2012-07-29 08:00:00",252.71168308
"2012-07-29 09:00:00",273.60705614
"2012-07-29 10:00:00",261.426417
"2012-07-29 11:00:00",300.44944458
"2012-07-29 12:00:00",306.02683948
"2012-07-29 13:00:00",334.63380358
"2012-07-29 14:00:00",337.7649853
"2012-07-29 15:00:00",343.70196496
"2012-07-29 16:00:00",343.70196496
"2012-07-29 17:00:00",357.13617124
"2012-07-29 18:00:00",354.1224762
"2012-07-29 19:00:00",297.26312424
"2012-07-29 20:00:00",259.2648159
"2012-07-29 21:00:00",242.90561546
"2012-07-29 22:00:00",231.1335424
"2012-07-29 23:00:00",225.5561475
"2012-07-30 00:00:00",224.55960062
"2012-07-30 01:00:00",219.7774515
"2012-07-30 02:00:00",209.59587
"2012-07-30 03:00:00",172.0443885
"2012-07-30 04:00:00",172.0443885
"2012-07-30 05:00:00",177.6217834
"2012-07-30 06:00:00",180.80810374
"2012-07-30 07:00:00",209.35410062
"2012-07-30 08:00:00",241.3857279
"2012-07-30 09:00:00",249.332621
"2012-07-30 10:00:00",273.44705658
"2012-07-30 11:00:00",313.65847696
"2012-07-30 12:00:00",297.1593934
"2012-07-30 13:00:00",333.40778324
"2012-07-30 14:00:00",336.59410358
"2012-07-30 15:00:00",338.18459514
"2012-07-30 16:00:00",339.78042392
"2012-07-30 17:00:00",307.98713948
"2012-07-30 18:00:00",308.03694088
"2012-07-30 19:00:00",334.46606474
"2012-07-30 20:00:00",249.64806458
"2012-07-30 21:00:00",248.0522358
"2012-07-30 22:00:00",237.57678708
"2012-07-30 23:00:00",230.1316583
"2012-07-31 00:00:00",203.51855646
"2012-07-31 01:00:00",181.17257496
"2012-07-31 02:00:00",181.17257496
"2012-07-31 03:00:00",178.78683762
"2012-07-31 04:00:00",178.78683762
"2012-07-31 05:00:00",182.76840374
"2012-07-31 06:00:00",154.34022224
"2012-07-31 07:00:00",196.13630558
"2012-07-31 08:00:00",213.70013796
"2012-07-31 09:00:00",245.2357239
"2012-07-31 10:00:00",251.822729
"2012-07-31 11:00:00",287.6929985
"2012-07-31 12:00:00",331.3313785
"2012-07-31 13:00:00",327.91952792
"2012-07-31 14:00:00",327.91952792
"2012-07-31 15:00:00",282.69648496
"2012-07-31 16:00:00",299.64303408
"2012-07-31 17:00:00",319.24952208
"2012-07-31 18:00:00",307.55636492
"2012-07-31 19:00:00",296.16353904
"2012-07-31 20:00:00",251.5295543
"2012-07-31 21:00:00",206.7048768
"2012-07-31 22:00:00",225.09669714
"2012-07-31 23:00:00",188.61770374
"2012-08-20 00:00:00",166.1443219
"2012-08-20 01:00:00",163.48134224
"2012-08-20 02:00:00",163.48134224
"2012-08-20 03:00:00",140.6932324
"2012-08-20 04:00:00",165.34907612
"2012-08-20 05:00:00",160.566927
"2012-08-20 06:00:00",187.36571746
"2012-08-20 07:00:00",193.12189496
"2012-08-20 08:00:00",206.7369034
"2012-08-20 09:00:00",219.1092005
"2012-08-20 10:00:00",223.89134962
"2012-08-20 11:00:00",236.7578729
"2012-08-20 12:00:00",254.7715729
"2012-08-20 13:00:00",271.17753396
"2012-08-20 14:00:00",290.72305474
"2012-08-20 15:00:00",295.49986664
"2012-08-20 16:00:00",295.49986664
"2012-08-20 17:00:00",279.14600342
"2012-08-20 18:00:00",199.49453564
"2012-08-20 19:00:00",196.3082153
"2012-08-20 20:00:00",181.48857492
"2012-08-20 21:00:00",154.717627
"2012-08-20 22:00:00",160.566927
"2012-08-20 23:00:00",160.566927
"2012-08-21 00:00:00",167.30937612
"2012-08-21 01:00:00",169.69511346
"2012-08-21 02:00:00",156.70190542
"2012-08-21 03:00:00",129.9309575
"2012-08-21 04:00:00",129.9309575
"2012-08-21 05:00:00",149.91860662
"2012-08-21 06:00:00",150.7138524
"2012-08-21 07:00:00",181.8862259
"2012-08-21 08:00:00",183.47671746
"2012-08-21 09:00:00",215.2202005
"2012-08-21 10:00:00",250.8825729
"2012-08-21 11:00:00",278.1343475
"2012-08-21 12:00:00",306.8641355
"2012-08-21 13:00:00",323.4295235
"2012-08-21 14:00:00",343.12026462
"2012-08-21 15:00:00",338.3381155
"2012-08-21 16:00:00",338.3381155
"2012-08-21 17:00:00",309.53918342
"2012-08-21 18:00:00",295.86967508
"2012-08-21 19:00:00",214.5465034
"2012-08-21 20:00:00",203.0558005
"2012-08-21 21:00:00",203.0558005
"2012-08-21 22:00:00",183.4248965
"2012-08-21 23:00:00",162.463219
"2012-08-22 00:00:00",170.0009139
"2012-08-22 01:00:00",184.0253085
"2012-08-22 02:00:00",184.0253085
"2012-08-22 03:00:00",184.0253085
"2012-08-22 04:00:00",158.4594444
"2012-08-22 05:00:00",178.269131
"2012-08-22 06:00:00",199.2308085
"2012-08-22 07:00:00",184.0253085
"2012-08-22 08:00:00",209.79824962
"2012-08-22 09:00:00",240.88637
"2012-08-22 10:00:00",263.58909662
"2012-08-22 11:00:00",278.49768862
"2012-08-22 12:00:00",296.3631275
"2012-08-22 13:00:00",316.8199999
"2012-08-22 14:00:00",325.9432999
"2012-08-22 15:00:00",318.41049146
"2012-08-22 16:00:00",312.24365258
"2012-08-22 17:00:00",312.24365258
"2012-08-22 18:00:00",270.91411358
"2012-08-22 19:00:00",213.580478
"2012-08-22 20:00:00",215.3703073
"2012-08-22 21:00:00",205.0161005
"2012-08-22 22:00:00",205.0161005
"2012-08-22 23:00:00",165.783407
"2012-08-23 00:00:00",187.3454965
"2012-08-23 01:00:00",166.383819
"2012-08-23 02:00:00",166.383819
"2012-08-23 03:00:00",171.16596812
"2012-08-23 04:00:00",166.383819
"2012-08-23 05:00:00",166.383819
"2012-08-23 06:00:00",151.62818662
"2012-08-23 07:00:00",177.01526812
"2012-08-23 08:00:00",220.32292712
"2012-08-23 09:00:00",239.2466475
"2012-08-23 10:00:00",286.21416612
"2012-08-23 11:00:00",317.98505412
"2012-08-23 12:00:00",344.973793
"2012-08-23 13:00:00",365.72281562
"2012-08-23 14:00:00",337.02043258
"2012-08-23 15:00:00",332.23828346
"2012-08-23 16:00:00",321.96662024
"2012-08-23 17:00:00",334.27624058
"2012-08-23 18:00:00",319.39676308
"2012-08-23 19:00:00",301.74568862
"2012-08-23 20:00:00",266.3446424
"2012-08-23 21:00:00",267.93513396
"2012-08-23 22:00:00",266.4377649
"2012-08-23 23:00:00",230.746278
"2012-08-24 00:00:00",232.706578
"2012-08-24 01:00:00",214.7860005
"2012-08-24 02:00:00",226.857278
"2012-08-24 03:00:00",208.9367005
"2012-08-24 04:00:00",214.7860005
"2012-08-24 05:00:00",189.3057965
"2012-08-24 06:00:00",174.193419
"2012-08-24 07:00:00",195.1550965
"2012-08-24 08:00:00",217.501078
"2012-08-24 09:00:00",283.4854395
"2012-08-24 10:00:00",321.012505
"2012-08-24 11:00:00",326.5898999
"2012-08-24 12:00:00",334.91795412
"2012-08-24 13:00:00",359.4190694
"2012-08-24 14:00:00",341.7313919
"2012-08-24 15:00:00",328.18039146
"2012-08-24 16:00:00",328.18039146
"2012-08-24 17:00:00",318.08306308
"2012-08-24 18:00:00",286.0715358
"2012-08-24 19:00:00",292.24915474
"2012-08-24 20:00:00",268.36248308
"2012-08-24 21:00:00",277.34056274
"2012-08-24 22:00:00",268.5768475
"2012-08-24 23:00:00",243.27401912
"2012-08-25 00:00:00",270.5371475
"2012-08-25 01:00:00",240.45217
"2012-08-25 02:00:00",224.24352712
"2012-08-25 03:00:00",233.59972712
"2012-08-25 04:00:00",240.2442729
"2012-08-25 05:00:00",225.51001574
"2012-08-25 06:00:00",205.87911174
"2012-08-25 07:00:00",207.4696033
"2012-08-25 08:00:00",233.00190514
"2012-08-25 09:00:00",255.58852592
"2012-08-25 10:00:00",274.3043492
"2012-08-25 11:00:00",292.81398492
"2012-08-25 12:00:00",324.17319032
"2012-08-25 13:00:00",325.85136154
"2012-08-25 14:00:00",266.22110514
"2012-08-25 15:00:00",234.27373098
"2012-08-25 16:00:00",235.3929797
"2012-08-25 17:00:00",236.98880848
"2012-08-25 18:00:00",259.36219494
"2012-08-25 19:00:00",213.0469982
"2012-08-25 20:00:00",195.54354614
"2012-08-25 21:00:00",189.42234104
"2012-08-25 22:00:00",189.42234104
"2012-08-25 23:00:00",189.69424614
"2012-08-26 00:00:00",155.19643414
"2012-08-26 01:00:00",152.0101138
"2012-08-26 02:00:00",159.45524258
"2012-08-26 03:00:00",161.04573414
"2012-08-26 04:00:00",157.8594138
"2012-08-26 05:00:00",152.0101138
"2012-08-26 06:00:00",154.8433167
"2012-08-26 07:00:00",152.0101138
"2012-08-26 08:00:00",207.56642592
"2012-08-26 09:00:00",205.97059714
"2012-08-26 10:00:00",274.40117182
"2012-08-26 11:00:00",272.80534304
"2012-08-26 12:00:00",258.81525504
"2012-08-26 13:00:00",219.29243088
"2012-08-26 14:00:00",147.2333019
"2012-08-26 15:00:00",168.49086292
"2012-08-26 16:00:00",168.49086292
"2012-08-26 17:00:00",153.60594258
"2012-08-26 18:00:00",152.28735612
"2012-08-26 19:00:00",156.26892224
"2012-08-26 20:00:00",150.41962224
"2012-08-26 21:00:00",167.07039346
"2012-08-26 22:00:00",143.69386412
"2012-08-26 23:00:00",163.32476812
"2012-08-27 00:00:00",160.502919
"2012-08-27 01:00:00",145.65416412
"2012-08-27 02:00:00",148.03990146
"2012-08-27 03:00:00",145.65416412
"2012-08-27 04:00:00",160.502919
"2012-08-27 05:00:00",140.872015
"2012-08-27 06:00:00",140.872015
"2012-08-27 07:00:00",172.0443885
"2012-08-27 08:00:00",176.82653762
"2012-08-27 09:00:00",177.6217834
"2012-08-27 10:00:00",237.12691946
"2012-08-27 11:00:00",266.0019278
"2012-08-27 12:00:00",273.5682985
"2012-08-27 13:00:00",297.53751374
"2012-08-27 14:00:00",329.42621712
"2012-08-27 15:00:00",326.7544737
"2012-08-27 16:00:00",324.36339914
"2012-08-27 17:00:00",341.32111408
"2012-08-27 18:00:00",318.87971364
"2012-08-27 19:00:00",255.43335658
"2012-08-27 20:00:00",253.8375278
"2012-08-27 21:00:00",240.3132398
"2012-08-27 22:00:00",199.7206583
"2012-08-27 23:00:00",198.13016674
"2012-08-28 00:00:00",204.86727864
"2012-08-28 01:00:00",176.2938768
"2012-08-28 02:00:00",197.72679714
"2012-08-28 03:00:00",158.50057096
"2012-08-28 04:00:00",181.17257496
"2012-08-28 05:00:00",184.63613762
"2012-08-28 06:00:00",162.7593794
"2012-08-28 07:00:00",185.4313834
"2012-08-28 08:00:00",183.7454729
"2012-08-28 09:00:00",221.14526674
"2012-08-28 10:00:00",278.88754414
"2012-08-28 11:00:00",316.14211764
"2012-08-28 12:00:00",341.74072392
"2012-08-28 13:00:00",362.1424577
"2012-08-28 14:00:00",380.30367448
"2012-08-28 15:00:00",385.1160682
"2012-08-28 16:00:00",385.32759298
"2012-08-28 17:00:00",376.67553582
"2012-08-28 18:00:00",352.93692414
"2012-08-28 19:00:00",321.41314274
"2012-08-28 20:00:00",307.7436344
"2012-08-28 21:00:00",306.94838862
"2012-08-28 22:00:00",278.1343475
"2012-08-28 23:00:00",263.25487
"2012-08-29 00:00:00",222.936678
"2012-08-29 01:00:00",224.34838696
"2012-08-29 02:00:00",206.39869496
"2012-08-29 03:00:00",204.8082034
"2012-08-29 04:00:00",209.82095608
"2012-08-29 05:00:00",208.2251273
"2012-08-29 06:00:00",208.2251273
"2012-08-29 07:00:00",234.12704962
"2012-08-29 08:00:00",256.02919324
"2012-08-29 09:00:00",299.5721543
"2012-08-29 10:00:00",312.89025474
"2012-08-29 11:00:00",308.8244355
"2012-08-29 12:00:00",335.571405
"2012-08-29 13:00:00",323.7330275
"2012-08-29 14:00:00",340.35355412
"2012-08-29 15:00:00",345.9256118
"2012-08-29 16:00:00",347.46630196
"2012-08-29 17:00:00",364.08682858
"2012-08-29 18:00:00",332.49674274
"2012-08-29 19:00:00",290.4488543
"2012-08-29 20:00:00",265.21517
"2012-08-29 21:00:00",274.1305729
"2012-08-29 22:00:00",268.553178
"2012-08-29 23:00:00",259.429878
"2012-08-30 00:00:00",219.1408005
"2012-08-30 01:00:00",231.3052005
"2012-08-30 02:00:00",201.1911085
"2012-08-30 03:00:00",201.1911085
"2012-08-30 04:00:00",201.1911085
"2012-08-30 05:00:00",201.1911085
"2012-08-30 06:00:00",169.36224224
"2012-08-30 07:00:00",206.9764005
"2012-08-30 08:00:00",237.061378
"2012-08-30 09:00:00",269.8905475
"2012-08-30 10:00:00",287.8402395
"2012-08-30 11:00:00",342.31385412
"2012-08-30 12:00:00",329.49409146
"2012-08-30 13:00:00",318.7802999
"2012-08-30 14:00:00",320.37079146
"2012-08-30 15:00:00",344.01569374
"2012-08-30 16:00:00",353.13899374
"2012-08-30 17:00:00",385.05510208
"2012-08-30 18:00:00",362.32326096
"2012-08-30 19:00:00",320.37079146
"2012-08-30 20:00:00",290.19573224
"2012-08-30 21:00:00",262.91121546
"2012-08-30 22:00:00",233.3973475
"2012-08-30 23:00:00",231.2357464
"2012-08-31 00:00:00",198.83088524
"2012-08-31 01:00:00",198.83088524
"2012-08-31 02:00:00",164.38147096
"2012-08-31 03:00:00",162.7909794
"2012-08-31 04:00:00",158.62529346
"2012-08-31 05:00:00",160.22112224
"2012-08-31 06:00:00",166.07042224
"2012-08-31 07:00:00",162.08885612
"2012-08-31 08:00:00",233.4679515
"2012-08-31 09:00:00",251.324521
"2012-08-31 10:00:00",286.19164762
"2012-08-31 11:00:00",416.3596337
"2012-08-31 12:00:00",420.05075914
"2012-08-31 13:00:00",426.78185448
"2012-08-31 14:00:00",433.04283708
"2012-08-31 15:00:00",435.3676072
"2012-08-31 16:00:00",432.97653264
"2012-08-31 17:00:00",407.20892874
"2012-08-31 18:00:00",394.06516314
"2012-08-31 19:00:00",339.65315446
"2012-08-31 20:00:00",339.65315446
"2012-08-31 21:00:00",303.9281053
"2012-08-31 22:00:00",303.9281053
"2012-08-31 23:00:00",276.8053119
"2012-09-20 00:00:00",192.552296
"2012-09-20 01:00:00",159.2183214
"2012-09-20 02:00:00",158.42307562
"2012-09-20 03:00:00",132.679249
"2012-09-20 04:00:00",138.2566439
"2012-09-20 05:00:00",138.2566439
"2012-09-20 06:00:00",132.679249
"2012-09-20 07:00:00",128.8073214
"2012-09-20 08:00:00",182.12894512
"2012-09-20 09:00:00",223.78450662
"2012-09-20 10:00:00",250.85749862
"2012-09-20 11:00:00",301.245802
"2012-09-20 12:00:00",308.41368846
"2012-09-20 13:00:00",306.73247646
"2012-09-20 14:00:00",300.7954968
"2012-09-20 15:00:00",302.1553848
"2012-09-20 16:00:00",299.20500524
"2012-09-20 17:00:00",293.26802558
"2012-09-20 18:00:00",273.89214114
"2012-09-20 19:00:00",236.73768508
"2012-09-20 20:00:00",214.00584396
"2012-09-20 21:00:00",217.1921643
"2012-09-20 22:00:00",179.2892749
"2012-09-20 23:00:00",194.4947749
"2012-09-21 00:00:00",190.87768
"2012-09-21 01:00:00",172.927988
"2012-09-21 02:00:00",172.927988
"2012-09-21 03:00:00",156.71934512
"2012-09-21 04:00:00",151.937196
"2012-09-21 05:00:00",136.731696
"2012-09-21 06:00:00",156.71934512
"2012-09-21 07:00:00",157.722488
"2012-09-21 08:00:00",182.84006646
"2012-09-21 09:00:00",209.58703596
"2012-09-21 10:00:00",256.02004808
"2012-09-21 11:00:00",275.30051358
"2012-09-21 12:00:00",277.89948524
"2012-09-21 13:00:00",292.77896274
"2012-09-21 14:00:00",299.9468492
"2012-09-21 15:00:00",295.96528308
"2012-09-21 16:00:00",294.3694543
"2012-09-21 17:00:00",284.27212592
"2012-09-21 18:00:00",264.72660514
"2012-09-21 19:00:00",246.80602764
"2012-09-21 20:00:00",230.0954193
"2012-09-21 21:00:00",215.33204764
"2012-09-21 22:00:00",212.1457273
"2012-09-21 23:00:00",219.31895098
"2012-09-22 00:00:00",218.88817642
"2012-09-22 01:00:00",174.6945512
"2012-09-22 02:00:00",151.31268464
"2012-09-22 03:00:00",168.11401342
"2012-09-22 04:00:00",168.11401342
"2012-09-22 05:00:00",170.50508798
"2012-09-22 06:00:00",168.9092592
"2012-09-22 07:00:00",187.50897664
"2012-09-22 08:00:00",219.6834222
"2012-09-22 09:00:00",236.60192764
"2012-09-22 10:00:00",258.50940848
"2012-09-22 11:00:00",288.94750342
"2012-09-22 12:00:00",307.6924412
"2012-09-22 13:00:00",321.36194954
"2012-09-22 14:00:00",332.25986092
"2012-09-22 15:00:00",332.08107832
"2012-09-22 16:00:00",319.77145798
"2012-09-22 17:00:00",319.77145798
"2012-09-22 18:00:00",306.89719542
"2012-09-22 19:00:00",284.1653543
"2012-09-22 20:00:00",299.51607464
"2012-09-22 21:00:00",277.49141714
"2012-09-22 22:00:00",272.9452088
"2012-09-22 23:00:00",294.2329088
"2012-09-23 00:00:00",344.83262914
"2012-09-23 01:00:00",271.53370204
"2012-09-23 02:00:00",272.33541514
"2012-09-23 03:00:00",241.8973202
"2012-09-23 04:00:00",232.13046208
"2012-09-23 05:00:00",221.55655364
"2012-09-23 06:00:00",206.67707614
"2012-09-23 07:00:00",219.96606208
"2012-09-23 08:00:00",245.08364054
"2012-09-23 09:00:00",261.41372648
"2012-09-23 10:00:00",287.24400714
"2012-09-23 11:00:00",289.95908464
"2012-09-23 12:00:00",291.1192524
"2012-09-23 13:00:00",338.69592924
"2012-09-23 14:00:00",340.2864208
"2012-09-23 15:00:00",357.08774958
"2012-09-23 16:00:00",362.66514448
"2012-09-23 17:00:00",325.8022592
"2012-09-23 18:00:00",308.3864868
"2012-09-23 19:00:00",285.80520324
"2012-09-23 20:00:00",285.80520324
"2012-09-23 21:00:00",270.2215829
"2012-09-23 22:00:00",258.794888
"2012-09-23 23:00:00",230.9841909
"2012-09-24 00:00:00",208.1661333
"2012-09-24 01:00:00",192.81541296
"2012-09-24 02:00:00",210.82911296
"2012-09-24 03:00:00",206.57564174
"2012-09-24 04:00:00",185.4687439
"2012-09-24 05:00:00",197.8119265
"2012-09-24 06:00:00",209.9763265
"2012-09-24 07:00:00",192.81541296
"2012-09-24 08:00:00",244.0364028
"2012-09-24 09:00:00",258.9449948
"2012-09-24 10:00:00",275.44941558
"2012-09-24 11:00:00",316.1029643
"2012-09-24 12:00:00",327.7625592
"2012-09-24 13:00:00",369.1118157
"2012-09-24 14:00:00",357.9072245
"2012-09-24 15:00:00",353.180214
"2012-09-24 16:00:00",346.36227664
"2012-09-24 17:00:00",332.8217495
"2012-09-24 18:00:00",308.75629524
"2012-09-24 19:00:00",295.29297446
"2012-09-24 20:00:00",254.1681829
"2012-09-24 21:00:00",253.01448246
"2012-09-24 22:00:00",257.79663158
"2012-09-24 23:00:00",204.97981296
"2012-09-25 00:00:00",196.37154174
"2012-09-25 01:00:00",173.81403546
"2012-09-25 02:00:00",152.82324346
"2012-09-25 03:00:00",168.68410612
"2012-09-25 04:00:00",171.06984346
"2012-09-25 05:00:00",150.43750612
"2012-09-25 06:00:00",163.39068458
"2012-09-25 07:00:00",161.7948558
"2012-09-25 08:00:00",203.7473253
"2012-09-25 09:00:00",257.71250714
"2012-09-25 10:00:00",278.0241592
"2012-09-25 11:00:00",325.4556157
"2012-09-25 12:00:00",335.14355792
"2012-09-25 13:00:00",322.74321714
"2012-09-25 14:00:00",352.41880848
"2012-09-25 15:00:00",361.54210848
"2012-09-25 16:00:00",350.8229797
"2012-09-25 17:00:00",350.02773392
"2012-09-25 18:00:00",339.39932558
"2012-09-25 19:00:00",312.26002914
"2012-09-25 20:00:00",295.0446157
"2012-09-25 21:00:00",295.0446157
"2012-09-25 22:00:00",294.24936992
"2012-09-25 23:00:00",296.64044448
"2012-09-26 00:00:00",249.2765512
"2012-09-26 01:00:00",250.87237998
"2012-09-26 02:00:00",254.33060542
"2012-09-26 03:00:00",254.33060542
"2012-09-26 04:00:00",213.73028464
"2012-09-26 05:00:00",212.13979308
"2012-09-26 06:00:00",204.7877868
"2012-09-26 07:00:00",189.43706646
"2012-09-26 08:00:00",216.1213592
"2012-09-26 09:00:00",262.7024313
"2012-09-26 10:00:00",235.68927642
"2012-09-26 11:00:00",282.12811714
"2012-09-26 12:00:00",287.68280558
"2012-09-26 13:00:00",302.56228308
"2012-09-26 14:00:00",343.30478342
"2012-09-26 15:00:00",344.1000292
"2012-09-26 16:00:00",352.42808342
"2012-09-26 17:00:00",344.1000292
"2012-09-26 18:00:00",340.11846308
"2012-09-26 19:00:00",311.54036274
"2012-09-26 20:00:00",255.9728848
"2012-09-26 21:00:00",268.1372848
"2012-09-26 22:00:00",260.5554193
"2012-09-26 23:00:00",220.34095814
"2012-09-27 00:00:00",207.69358012
"2012-09-27 01:00:00",207.69358012
"2012-09-27 02:00:00",207.69358012
"2012-09-27 03:00:00",202.911431
"2012-09-27 04:00:00",145.45484396
"2012-09-27 05:00:00",177.5243495
"2012-09-27 06:00:00",161.31570662
"2012-09-27 07:00:00",202.911431
"2012-09-27 08:00:00",239.16286162
"2012-09-27 09:00:00",259.743378
"2012-09-27 10:00:00",334.84590342
"2012-09-27 11:00:00",334.25855474
"2012-09-27 12:00:00",343.14591396
"2012-09-27 13:00:00",335.9780275
"2012-09-27 14:00:00",355.63965412
"2012-09-27 15:00:00",350.857505
"2012-09-27 16:00:00",321.73456998
"2012-09-27 17:00:00",269.3598797
"2012-09-27 18:00:00",265.37831358
"2012-09-27 19:00:00",266.91126446
"2012-09-27 20:00:00",259.62213608
"2012-09-27 21:00:00",216.6960207
"2012-09-27 22:00:00",216.6960207
"2012-09-27 23:00:00",209.52813424
"2012-09-28 00:00:00",186.10135274
"2012-09-28 01:00:00",177.3376375
"2012-09-28 02:00:00",193.2692392
"2012-09-28 03:00:00",198.25801346
"2012-09-28 04:00:00",175.7698524
"2012-09-28 05:00:00",158.4938575
"2012-09-28 06:00:00",150.87870662
"2012-09-28 07:00:00",146.0965575
"2012-09-28 08:00:00",190.02297612
"2012-09-28 09:00:00",202.4528139
"2012-09-28 10:00:00",225.00498296
"2012-09-28 11:00:00",255.388578
"2012-09-28 12:00:00",326.08707464
"2012-09-28 13:00:00",335.21037464
"2012-09-28 14:00:00",326.08707464
"2012-09-28 15:00:00",321.92672592
"2012-09-28 16:00:00",325.11951358
"2012-09-28 17:00:00",316.9366797
"2012-09-28 18:00:00",323.75962558
"2012-09-28 19:00:00",329.83952914
"2012-09-28 20:00:00",314.57952924
"2012-09-28 21:00:00",316.1700208
"2012-09-28 22:00:00",288.51698508
"2012-09-28 23:00:00",272.0125643
"2012-09-29 00:00:00",251.79881558
"2012-09-29 01:00:00",251.79881558
"2012-09-29 02:00:00",269.81251558
"2012-09-29 03:00:00",253.3080948
"2012-09-29 04:00:00",250.64511514
"2012-09-29 05:00:00",229.5091028
"2012-09-29 06:00:00",232.69542314
"2012-09-29 07:00:00",216.37067442
"2012-09-29 08:00:00",219.08575192
"2012-09-29 09:00:00",229.5091028
"2012-09-29 10:00:00",265.55370714
"2012-09-29 11:00:00",285.07011342
"2012-09-29 12:00:00",349.8622037
"2012-09-29 13:00:00",349.8622037
"2012-09-29 14:00:00",349.15234114
"2012-09-29 15:00:00",340.02904114
"2012-09-29 16:00:00",347.47112914
"2012-09-29 17:00:00",360.81193604
"2012-09-29 18:00:00",298.5345643
"2012-09-29 19:00:00",258.03270324
"2012-09-29 20:00:00",259.6231948
"2012-09-29 21:00:00",256.43687446
"2012-09-29 22:00:00",224.7322909
"2012-09-29 23:00:00",236.10144512
"2012-09-30 00:00:00",219.557496
"2012-09-30 01:00:00",219.557496
"2012-09-30 02:00:00",201.6369185
"2012-09-30 03:00:00",188.46937562
"2012-09-30 04:00:00",188.46937562
"2012-09-30 05:00:00",162.725549
"2012-09-30 06:00:00",167.50769812
"2012-09-30 07:00:00",147.520049
"2012-09-30 08:00:00",195.0499134
"2012-09-30 09:00:00",218.7557829
"2012-09-30 10:00:00",290.96756474
"2012-09-30 11:00:00",326.67674958
"2012-09-30 12:00:00",338.1004037
"2012-09-30 13:00:00",335.70932914
"2012-09-30 14:00:00",335.70932914
"2012-09-30 15:00:00",352.27471714
"2012-09-30 16:00:00",350.68422558
"2012-09-30 17:00:00",355.55175792
"2012-09-30 18:00:00",249.24285916
"2012-09-30 19:00:00",198.88968246
"2012-09-30 20:00:00",198.88968246
"2012-09-30 21:00:00",192.187596
"2012-09-30 22:00:00",174.2670185
"2012-09-30 23:00:00",179.04916762
"2012-10-20 00:00:00",157.00041296
"2012-10-20 01:00:00",187.41141296
"2012-10-20 02:00:00",164.8592439
"2012-10-20 03:00:00",160.66444346
"2012-10-20 04:00:00",174.487349
"2012-10-20 05:00:00",132.5348795
"2012-10-20 06:00:00",171.743157
"2012-10-20 07:00:00",132.5348795
"2012-10-20 08:00:00",202.61691296
"2012-10-20 09:00:00",238.48718246
"2012-10-20 10:00:00",265.56017446
"2012-10-20 11:00:00",276.12761558
"2012-10-20 12:00:00",293.7577524
"2012-10-20 13:00:00",306.06737274
"2012-10-20 14:00:00",306.4269575
"2012-10-20 15:00:00",297.3036575
"2012-10-20 16:00:00",309.72493592
"2012-10-20 17:00:00",321.74411558
"2012-10-20 18:00:00",309.87662358
"2012-10-20 19:00:00",281.06258246
"2012-10-20 20:00:00",304.09133158
"2012-10-20 21:00:00",268.22106208
"2012-10-20 22:00:00",243.9278439
"2012-10-20 23:00:00",211.277457
"2012-10-21 00:00:00",226.22906424
"2012-10-21 01:00:00",211.46569258
"2012-10-21 02:00:00",190.35879474
"2012-10-21 03:00:00",168.42753662
"2012-10-21 04:00:00",142.62573174
"2012-10-21 05:00:00",168.42753662
"2012-10-21 06:00:00",181.5950795
"2012-10-21 07:00:00",181.5950795
"2012-10-21 08:00:00",172.145757
"2012-10-21 09:00:00",228.94414174
"2012-10-21 10:00:00",268.9411977
"2012-10-21 11:00:00",288.48671848
"2012-10-21 12:00:00",309.47751048
"2012-10-21 13:00:00",317.32898464
"2012-10-21 14:00:00",320.2248643
"2012-10-21 15:00:00",327.39808798
"2012-10-21 16:00:00",309.98231558
"2012-10-21 17:00:00",299.70531514
"2012-10-21 18:00:00",296.5189948
"2012-10-21 19:00:00",280.01991124
"2012-10-21 20:00:00",269.7720253
"2012-10-21 21:00:00",220.44377224
"2012-10-21 22:00:00",211.680057
"2012-10-21 23:00:00",217.465349
"2012-10-22 00:00:00",183.5553795
"2012-10-22 01:00:00",156.1854795
"2012-10-22 02:00:00",150.4001875
"2012-10-22 03:00:00",183.5553795
"2012-10-22 04:00:00",165.6056875
"2012-10-22 05:00:00",139.97683662
"2012-10-22 06:00:00",129.79525512
"2012-10-22 07:00:00",170.38783662
"2012-10-22 08:00:00",179.891349
"2012-10-22 09:00:00",202.59407562
"2012-10-22 10:00:00",233.682196
"2012-10-22 11:00:00",314.51247274
"2012-10-22 12:00:00",317.6162495
"2012-10-22 13:00:00",369.38601724
"2012-10-22 14:00:00",372.6624193
"2012-10-22 15:00:00",370.74590524
"2012-10-22 16:00:00",357.22161724
"2012-10-22 17:00:00",354.0352969
"2012-10-22 18:00:00",223.4602749
"2012-10-22 19:00:00",254.1681829
"2012-10-22 20:00:00",227.0951909
"2012-10-22 21:00:00",196.21496762
"2012-10-22 22:00:00",147.19891296
"2012-10-22 23:00:00",145.6084214
"2012-10-23 00:00:00",132.50844174
"2012-10-23 01:00:00",165.96054174
"2012-10-23 02:00:00",125.15643546
"2012-10-23 03:00:00",158.60853546
"2012-10-23 04:00:00",151.2327519
"2012-10-23 05:00:00",156.22279812
"2012-10-23 06:00:00",129.47582862
"2012-10-23 07:00:00",162.8673439
"2012-10-23 08:00:00",183.03377562
"2012-10-23 09:00:00",195.3704909
"2012-10-23 10:00:00",232.00758
"2012-10-23 11:00:00",288.236314
"2012-10-23 12:00:00",321.51535112
"2012-10-23 13:00:00",324.17529
"2012-10-23 14:00:00",343.35818524
"2012-10-23 15:00:00",346.54450558
"2012-10-23 16:00:00",330.25331912
"2012-10-23 17:00:00",334.59447
"2012-10-23 18:00:00",294.37835112
"2012-10-23 19:00:00",282.21395112
"2012-10-23 20:00:00",238.55253596
"2012-10-23 21:00:00",213.4349575
"2012-10-23 22:00:00",219.0123524
"2012-10-23 23:00:00",198.0506749
"2012-10-24 00:00:00",199.21572912
"2012-10-24 01:00:00",209.63908
"2012-10-24 02:00:00",209.63908
"2012-10-24 03:00:00",175.48074512
"2012-10-24 04:00:00",175.48074512
"2012-10-24 05:00:00",155.493096
"2012-10-24 06:00:00",155.3143134
"2012-10-24 07:00:00",142.02864512
"2012-10-24 08:00:00",169.6639829
"2012-10-24 09:00:00",187.11533712
"2012-10-24 10:00:00",200.28288
"2012-10-24 11:00:00",233.3449495
"2012-10-24 12:00:00",267.61356162
"2012-10-24 13:00:00",291.235178
"2012-10-24 14:00:00",392.02335064
"2012-10-24 15:00:00",349.5742529
"2012-10-24 16:00:00",376.52740996
"2012-10-24 17:00:00",312.522878
"2012-10-24 18:00:00",321.646178
"2012-10-24 19:00:00",303.54783912
"2012-10-24 20:00:00",273.46286162
"2012-10-24 21:00:00",274.2581074
"2012-10-24 22:00:00",265.36541096
"2012-10-24 23:00:00",231.81199862
"2012-10-25 00:00:00",265.7352194
"2012-10-25 01:00:00",223.1408495
"2012-10-25 02:00:00",184.22948
"2012-10-25 03:00:00",158.00927446
"2012-10-25 04:00:00",156.4187829
"2012-10-25 05:00:00",159.60510324
"2012-10-25 06:00:00",161.1955948
"2012-10-25 07:00:00",161.1955948
"2012-10-25 08:00:00",174.81060324
"2012-10-25 09:00:00",176.4010948
"2012-10-25 10:00:00",179.00006646
"2012-10-25 11:00:00",177.4095749
"2012-10-25 12:00:00",198.3712524
"2012-10-25 13:00:00",192.7938575
"2012-10-25 14:00:00",229.68110696
"2012-10-25 15:00:00",259.79519896
"2012-10-25 16:00:00",243.44133574
"2012-10-25 17:00:00",243.44133574
"2012-10-25 18:00:00",177.3164524
"2012-10-25 19:00:00",176.3370868
"2012-10-25 20:00:00",158.00927446
"2012-10-25 21:00:00",158.00927446
"2012-10-25 22:00:00",176.61432912
"2012-10-25 23:00:00",179.00006646
"2012-10-26 00:00:00",192.03908
"2012-10-26 01:00:00",157.58383712
"2012-10-26 02:00:00",158.3790829
"2012-10-26 03:00:00",161.56540324
"2012-10-26 04:00:00",161.56540324
"2012-10-26 05:00:00",158.3790829
"2012-10-26 06:00:00",157.58383712
"2012-10-26 07:00:00",158.3790829
"2012-10-26 08:00:00",165.75486646
"2012-10-26 09:00:00",165.75486646
"2012-10-26 10:00:00",164.1643749
"2012-10-26 11:00:00",203.51787274
"2012-10-26 12:00:00",226.0991563
"2012-10-26 13:00:00",238.11833596
"2012-10-26 14:00:00",269.28601096
"2012-10-26 15:00:00",278.1787074
"2012-10-26 16:00:00",224.50866474
"2012-10-26 17:00:00",211.1905643
"2012-10-26 18:00:00",201.92204396
"2012-10-26 19:00:00",182.55619524
"2012-10-26 20:00:00",182.55619524
"2012-10-26 21:00:00",199.20696646
"2012-10-26 22:00:00",175.17507446
"2012-10-26 23:00:00",170.92160324
"2012-10-27 00:00:00",150.29528246
"2012-10-27 01:00:00",156.14458246
"2012-10-27 02:00:00",159.3309028
"2012-10-27 03:00:00",151.89111124
"2012-10-27 04:00:00",157.74041124
"2012-10-27 05:00:00",177.5775028
"2012-10-27 06:00:00",177.5775028
"2012-10-27 07:00:00",162.9309253
"2012-10-27 08:00:00",190.12002314
"2012-10-27 09:00:00",190.12002314
"2012-10-27 10:00:00",215.45083592
"2012-10-27 11:00:00",248.57691342
"2012-10-27 12:00:00",309.61804114
"2012-10-27 13:00:00",340.02904114
"2012-10-27 14:00:00",330.90574114
"2012-10-27 15:00:00",266.59061342
"2012-10-27 16:00:00",254.42621342
"2012-10-27 17:00:00",254.42621342
"2012-10-27 18:00:00",254.42621342
"2012-10-27 19:00:00",215.36962358
"2012-10-27 20:00:00",215.36962358
"2012-10-27 21:00:00",215.36962358
"2012-10-27 22:00:00",216.96011514
"2012-10-27 23:00:00",236.29773882
"2012-10-28 00:00:00",225.6030897
"2012-10-28 01:00:00",201.00885192
"2012-10-28 02:00:00",213.9684977
"2012-10-28 03:00:00",230.76982648
"2012-10-28 04:00:00",232.36031804
"2012-10-28 05:00:00",229.1739977
"2012-10-28 06:00:00",242.93422648
"2012-10-28 07:00:00",241.3383977
"2012-10-28 08:00:00",254.87892484
"2012-10-28 09:00:00",259.87543838
"2012-10-28 10:00:00",266.28366088
"2012-10-28 11:00:00",270.44934682
"2012-10-28 12:00:00",245.936427
"2012-10-28 13:00:00",241.95486088
"2012-10-28 14:00:00",249.30686716
"2012-10-28 15:00:00",239.5282045
"2012-10-28 16:00:00",225.86643544
"2012-10-28 17:00:00",192.85646378
"2012-10-28 18:00:00",128.0204655
"2012-10-28 19:00:00",120.85257904
"2012-10-28 20:00:00",126.42997394
"2012-10-28 21:00:00",148.07079138
"2012-10-28 22:00:00",144.88447104
"2012-10-28 23:00:00",120.85257904
"2012-10-29 00:00:00",146.84477104
"2012-10-30 13:00:00",112.03968354
"2012-10-30 14:00:00",112.03968354
"2012-10-30 15:00:00",92.64109264
"2012-10-30 16:00:00",92.64109264
"2012-10-30 17:00:00",91.05060108
"2012-10-30 18:00:00",90.66474146
"2012-10-30 19:00:00",212.3117028
"2012-10-30 20:00:00",101.8520723
"2012-10-30 21:00:00",87.6503539
"2012-10-30 22:00:00",97.21274146
"2012-10-30 23:00:00",97.21274146
"2012-10-31 00:00:00",107.8572539
"2012-10-31 01:00:00",107.06200812
"2012-10-31 02:00:00",105.02234146
"2012-10-31 03:00:00",107.8572539
"2012-10-31 04:00:00",85.5657723
"2012-10-31 05:00:00",105.02234146
"2012-10-31 06:00:00",100.76887024
"2012-10-31 07:00:00",86.77574146
"2012-10-31 08:00:00",109.35462296
"2012-10-31 09:00:00",125.92001096
"2012-10-31 10:00:00",150.45386842
"2012-10-31 11:00:00",172.74775208
"2012-10-31 12:00:00",209.9945863
"2012-10-31 13:00:00",241.67539258
"2012-10-31 14:00:00",247.52469258
"2012-10-31 15:00:00",226.32467224
"2012-10-31 16:00:00",235.36029258
"2012-10-31 17:00:00",214.25339474
"2012-10-31 18:00:00",214.25339474
"2012-10-31 19:00:00",240.1726863
"2012-10-31 20:00:00",240.1726863
"2012-10-31 21:00:00",240.1726863
"2012-10-31 22:00:00",189.48620296
"2012-10-31 23:00:00",191.49675512
"2012-11-20 00:00:00",140.84642296
"2012-11-20 01:00:00",157.2056234
"2012-11-20 02:00:00",126.06338562
"2012-11-20 03:00:00",147.8494234
"2012-11-20 04:00:00",163.4063313
"2012-11-20 05:00:00",160.22001096
"2012-11-20 06:00:00",146.61033974
"2012-11-20 07:00:00",120.21408562
"2012-11-20 08:00:00",139.16521096
"2012-11-20 09:00:00",152.45361
"2012-11-20 10:00:00",183.98272862
"2012-11-20 11:00:00",186.69780612
"2012-11-20 12:00:00",181.915657
"2012-11-20 13:00:00",215.070849
"2012-11-20 14:00:00",220.6482439
"2012-11-20 15:00:00",235.5277214
"2012-11-20 16:00:00",201.90330612
"2012-11-20 17:00:00",172.75879474
"2012-11-20 18:00:00",183.98272862
"2012-11-20 19:00:00",163.9950795
"2012-11-20 20:00:00",143.0042875
"2012-11-20 21:00:00",146.60431
"2012-11-20 22:00:00",146.60431
"2012-11-20 23:00:00",105.8038314
"2012-11-21 00:00:00",112.368318
"2012-11-21 01:00:00",107.7641314
"2012-11-21 02:00:00",73.5797724
"2012-11-21 03:00:00",73.5797724
"2012-11-21 04:00:00",73.5797724
"2012-11-21 05:00:00",73.5797724
"2012-11-21 06:00:00",77.18081612
"2012-11-21 07:00:00",71.4246386200001
"2012-11-21 08:00:00",101.27671612
"2012-11-21 09:00:00",122.17438562
"2012-11-21 10:00:00",175.93451
"2012-11-21 11:00:00",234.3233863
"2012-11-21 12:00:00",273.2347558
"2012-11-21 13:00:00",293.07718458
"2012-11-21 14:00:00",303.3197333
"2012-11-21 15:00:00",288.62437562
"2012-11-21 16:00:00",294.37723546
"2012-11-21 17:00:00",263.14389474
"2012-11-21 18:00:00",271.7959519
"2012-11-21 19:00:00",249.8257943
"2012-11-21 20:00:00",174.3714234
"2012-11-21 21:00:00",212.42771
"2012-11-21 22:00:00",209.683518
"2012-11-21 23:00:00",167.4341405
"2012-11-22 00:00:00",154.54568562
"2012-11-22 01:00:00",146.04531612
"2012-11-22 02:00:00",99.69655712
"2012-11-22 03:00:00",100.4918029
"2012-11-22 04:00:00",76.69521296
"2012-11-22 05:00:00",100.4918029
"2012-11-22 06:00:00",121.4534804
"2012-11-22 07:00:00",91.90071296
"2012-11-22 08:00:00",97.65689046
"2012-11-22 09:00:00",151.4447485
"2012-11-22 10:00:00",194.2523009
"2012-11-22 11:00:00",263.83770612
"2012-11-22 12:00:00",283.087449
"2012-11-22 13:00:00",301.0080265
"2012-11-22 14:00:00",312.8755185
"2012-11-22 15:00:00",312.8755185
"2012-11-22 16:00:00",294.9258265
"2012-11-22 17:00:00",283.087449
"2012-11-22 18:00:00",247.2171795
"2012-11-22 19:00:00",135.31941
"2012-11-22 20:00:00",144.739618
"2012-11-22 21:00:00",175.53647762
"2012-11-22 22:00:00",169.3944405
"2012-11-22 23:00:00",136.2392485
"2012-11-23 00:00:00",147.648871
"2012-11-23 01:00:00",99.34801612
"2012-11-23 02:00:00",111.83843862
"2012-11-23 03:00:00",126.658079
"2012-11-23 04:00:00",102.4521029
"2012-11-23 05:00:00",87.4498015
"2012-11-23 06:00:00",87.4498015
"2012-11-23 07:00:00",87.4498015
"2012-11-23 08:00:00",65.1636571200001
"2012-11-23 09:00:00",113.9935724
"2012-11-23 10:00:00",177.05293974
"2012-11-23 11:00:00",238.2439863
"2012-11-23 12:00:00",289.46497614
"2012-11-23 13:00:00",296.81698242
"2012-11-23 14:00:00",312.84482314
"2012-11-23 15:00:00",291.88314564
"2012-11-23 16:00:00",289.7693134
"2012-11-23 17:00:00",295.05626762
"2012-11-23 18:00:00",269.2833265
"2012-11-23 19:00:00",268.92374174
"2012-11-23 20:00:00",277.33947562
"2012-11-23 21:00:00",267.85125364
"2012-11-23 22:00:00",319.01158628
"2012-11-23 23:00:00",294.03922816
"2012-11-24 00:00:00",291.68862188
"2012-11-24 01:00:00",241.09825
"2012-11-24 02:00:00",250.80889868
"2012-11-24 03:00:00",224.07010604
"2012-11-24 04:00:00",214.24526966
"2012-11-24 05:00:00",212.29803298
"2012-11-24 06:00:00",194.99836642
"2012-11-24 07:00:00",218.14733298
"2012-11-24 08:00:00",211.76651544
"2012-11-24 09:00:00",220.09456966
"2012-11-24 10:00:00",207.4282042
"2012-11-24 11:00:00",226.7330857
"2012-11-24 12:00:00",260.02532118
"2012-11-24 13:00:00",253.62287348
"2012-11-24 14:00:00",265.51777044
"2012-11-24 15:00:00",250.60917844
"2012-11-24 16:00:00",233.55015116
"2012-11-24 17:00:00",215.48435332
"2012-11-24 18:00:00",224.60765332
"2012-11-24 19:00:00",212.70741914
"2012-11-24 20:00:00",194.99836642
"2012-11-24 21:00:00",194.6416213
"2012-11-24 22:00:00",197.82794164
"2012-11-24 23:00:00",194.6416213
"2012-11-25 00:00:00",171.15754964
"2012-11-25 01:00:00",181.5199333
"2012-11-25 02:00:00",181.46195504
"2012-11-25 03:00:00",184.3837095
"2012-11-25 04:00:00",184.3837095
"2012-11-25 05:00:00",176.65544174
"2012-11-25 06:00:00",177.8654109
"2012-11-25 07:00:00",165.7010109
"2012-11-25 08:00:00",166.0815333
"2012-11-25 09:00:00",178.16055008
"2012-11-25 10:00:00",173.90174164
"2012-11-25 11:00:00",209.62983158
"2012-11-25 12:00:00",209.62983158
"2012-11-25 13:00:00",206.44351124
"2012-11-25 14:00:00",219.72069264
"2012-11-25 15:00:00",213.87139264
"2012-11-25 16:00:00",221.40420108
"2012-11-25 17:00:00",206.35038874
"2012-11-25 18:00:00",191.47091124
"2012-11-25 19:00:00",205.048479
"2012-11-25 20:00:00",141.5114015
"2012-11-25 21:00:00",183.760779
"2012-11-25 22:00:00",141.5114015
"2012-11-25 23:00:00",108.74206912
"2012-11-26 00:00:00",110.3165095
"2012-11-26 01:00:00",104.560332
"2012-11-26 02:00:00",104.560332
"2012-11-26 03:00:00",104.560332
"2012-11-26 04:00:00",110.3165095
"2012-11-26 05:00:00",105.86224174
"2012-11-26 06:00:00",110.3165095
"2012-11-26 07:00:00",128.2662015
"2012-11-26 08:00:00",128.2662015
"2012-11-26 09:00:00",167.53431612
"2012-11-26 10:00:00",200.0067405
"2012-11-26 11:00:00",275.5144812
"2012-11-26 12:00:00",276.9986519
"2012-11-26 13:00:00",276.9986519
"2012-11-26 14:00:00",271.421257
"2012-11-26 15:00:00",276.20340612
"2012-11-26 16:00:00",292.412049
"2012-11-26 17:00:00",280.544557
"2012-11-26 18:00:00",208.44913174
"2012-11-26 19:00:00",193.598518
"2012-11-26 20:00:00",205.762918
"2012-11-26 21:00:00",205.762918
"2012-11-26 22:00:00",163.5135405
"2012-11-26 23:00:00",155.3093314
"2012-11-27 00:00:00",156.47438562
"2012-11-27 01:00:00",146.69572296
"2012-11-27 02:00:00",143.89526224
"2012-11-27 03:00:00",152.54502296
"2012-11-27 04:00:00",107.7013723
"2012-11-27 05:00:00",103.44790108
"2012-11-27 06:00:00",104.65787024
"2012-11-27 07:00:00",108.91134146
"2012-11-27 08:00:00",116.29246224
"2012-11-27 09:00:00",113.24362296
"2012-11-27 10:00:00",117.8829538
"2012-11-27 11:00:00",90.6067632000001
"2012-11-27 12:00:00",89.63273482
"2012-11-27 13:00:00",86.85580064
"2012-11-27 14:00:00",88.03690604
"2012-11-27 15:00:00",121.2506632
"2012-11-27 16:00:00",121.2506632
"2012-11-27 17:00:00",126.03281232
"2012-11-27 18:00:00",84.40332454
"2012-11-27 19:00:00",114.3674977
"2012-11-27 20:00:00",101.05943298
"2012-11-27 21:00:00",74.63646642
"2012-11-27 22:00:00",77.08551924
"2012-11-27 23:00:00",89.07151914
"2012-11-28 00:00:00",109.27841914
"2012-11-28 01:00:00",112.11333158
"2012-11-28 02:00:00",112.11333158
"2012-11-28 03:00:00",127.31883158
"2012-11-28 04:00:00",125.7230028
"2012-11-28 05:00:00",126.93297196
"2012-11-28 06:00:00",142.52433158
"2012-11-28 07:00:00",168.2984028
"2012-11-28 08:00:00",140.45986642
"2012-11-28 09:00:00",180.3696803
"2012-11-28 10:00:00",199.3231539
"2012-11-28 11:00:00",216.03376224
"2012-11-28 12:00:00",234.04158182
"2012-11-28 13:00:00",232.5037313
"2012-11-28 14:00:00",245.5232142
"2012-11-28 15:00:00",271.44784298
"2012-11-28 16:00:00",276.58423964
"2012-11-28 17:00:00",262.76951096
"2012-11-28 18:00:00",254.47419892
"2012-11-28 19:00:00",243.40366224
"2012-11-28 20:00:00",246.20412296
"2012-11-28 21:00:00",228.49507024
"2012-11-28 22:00:00",200.06688874
"2012-11-28 23:00:00",187.98787196
"2012-11-29 00:00:00",157.47745712
"2012-11-29 01:00:00",131.78876912
"2012-11-29 02:00:00",131.4029095
"2012-11-29 04:00:00",88.15508762
"2012-11-29 05:00:00",110.441232
"2012-11-29 06:00:00",116.1974095
"2012-11-29 07:00:00",125.646732
"2012-11-29 08:00:00",107.1969334
"2012-11-29 09:00:00",149.3526015
"2012-11-29 10:00:00",146.04531612
"2012-11-29 11:00:00",257.05065208
"2012-11-29 12:00:00",244.74103174
"2012-11-29 13:00:00",282.05187396
"2012-11-29 14:00:00",238.80405208
"2012-11-29 15:00:00",237.56496842
"2012-11-29 16:00:00",247.92735208
"2012-11-29 17:00:00",243.5873313
"2012-11-29 18:00:00",205.82966224
"2012-11-29 19:00:00",188.1152723
"2012-11-29 20:00:00",190.92107024
"2012-11-29 21:00:00",138.24947196
"2012-11-29 22:00:00",125.08363862
"2012-11-29 23:00:00",157.852971
"2012-11-30 00:00:00",122.20381124
"2012-11-30 01:00:00",116.86235712
"2012-11-30 02:00:00",105.6964015
"2012-11-30 03:00:00",105.6964015
"2012-11-30 04:00:00",99.9111095
"2012-11-30 05:00:00",78.949432
"2012-11-30 06:00:00",60.702832
"2012-11-30 07:00:00",84.7056095
"2012-11-30 08:00:00",90.94076912
"2012-11-30 09:00:00",101.65685712
"2012-11-30 10:00:00",159.2543485
"2012-11-30 11:00:00",207.67487762
"2012-11-30 12:00:00",240.1181875
"2012-11-30 13:00:00",272.91379474
"2012-11-30 14:00:00",269.7274744
"2012-11-30 15:00:00",281.5658519
"2012-11-30 16:00:00",256.34536596
"2012-11-30 17:00:00",217.8808233
"2012-11-30 18:00:00",182.960218
"2012-11-30 19:00:00",156.1492405
"2012-11-30 20:00:00",156.1492405
"2012-11-30 21:00:00",123.37990812
"2012-11-30 22:00:00",122.9940485
"2012-11-30 23:00:00",129.22920812
"2012-12-20 00:00:00",172.13692296
"2012-12-20 01:00:00",154.1889405
"2012-12-20 02:00:00",154.1889405
"2012-12-20 03:00:00",142.47440812
"2012-12-20 04:00:00",142.47440812
"2012-12-20 05:00:00",143.2696539
"2012-12-20 06:00:00",157.2940485
"2012-12-20 07:00:00",142.0885485
"2012-12-20 08:00:00",142.0885485
"2012-12-20 09:00:00",142.0885485
"2012-12-20 10:00:00",155.6128365
"2012-12-20 11:00:00",191.89637058
"2012-12-20 12:00:00",211.05603174
"2012-12-20 13:00:00",200.4821233
"2012-12-20 14:00:00",212.6465233
"2012-12-20 15:00:00",194.6968313
"2012-12-20 16:00:00",205.21276148
"2012-12-20 17:00:00",167.3269313
"2012-12-20 18:00:00",152.1214313
"2012-12-20 19:00:00",156.76076214
"2012-12-20 20:00:00",141.17473974
"2012-12-20 21:00:00",141.17473974
"2012-12-20 22:00:00",109.3131313
"2012-12-20 23:00:00",156.2444812
"2012-12-21 00:00:00",77.6683587
"2012-12-21 01:00:00",88.23579982
"2012-12-21 02:00:00",75.74537732
"2012-12-21 03:00:00",75.74537732
"2012-12-21 04:00:00",98.9309315
"2012-12-21 05:00:00",73.95857338
"2012-12-21 06:00:00",136.10689912
"2012-12-21 07:00:00",122.8549538
"2012-12-21 08:00:00",123.21169892
"2012-12-21 09:00:00",165.21897834
"2012-12-21 10:00:00",168.14157044
"2012-12-21 11:00:00",171.59979588
"2012-12-21 12:00:00",177.53677554
"2012-12-21 13:00:00",180.72309588
"2012-12-21 14:00:00",182.31892466
"2012-12-21 15:00:00",164.22401232
"2012-12-21 16:00:00",170.16099198
"2012-12-21 17:00:00",102.52453298
"2012-12-21 18:00:00",100.9287042
"2012-12-21 19:00:00",138.7130857
"2012-12-21 20:00:00",152.88270064
"2012-12-21 21:00:00",147.06854488
"2012-12-21 22:00:00",131.5726042
"2012-12-21 23:00:00",135.17364792
"2012-12-22 00:00:00",144.24385612
"2012-12-22 01:00:00",137.07596966
"2012-12-22 02:00:00",141.05753578
"2012-12-22 03:00:00",124.91156966
"2012-12-22 04:00:00",124.6128028
"2012-12-22 05:00:00",127.74114488
"2012-12-22 06:00:00",139.90554488
"2012-12-22 07:00:00",139.90554488
"2012-12-22 08:00:00",145.83434768
"2012-12-22 09:00:00",126.15065332
"2012-12-22 10:00:00",122.96433298
"2012-12-22 11:00:00",156.02410604
"2012-12-22 12:00:00",188.52109574
"2012-12-22 13:00:00",187.55322466
"2012-12-22 14:00:00",188.34847044
"2012-12-22 15:00:00",199.41900712
"2012-12-22 16:00:00",172.64463266
"2012-12-22 17:00:00",152.8377857
"2012-12-22 18:00:00",137.87121544
"2012-12-22 19:00:00",118.76953254
"2012-12-22 20:00:00",117.23701924
"2012-12-22 21:00:00",104.30477842
"2012-12-22 22:00:00",104.30477842
"2012-12-22 23:00:00",103.9480333
"2012-12-23 00:00:00",104.70737842
"2012-12-23 01:00:00",104.3506333
"2012-12-23 02:00:00",84.81044974
"2012-12-23 03:00:00",83.21462096
"2012-12-23 04:00:00",95.37902096
"2012-12-23 05:00:00",89.293832
"2012-12-23 06:00:00",34.17851812
"2012-12-23 07:00:00",34.17851812
"2012-12-23 08:00:00",9.58668239999998
"2012-12-23 09:00:00",61.7207334
"2012-12-23 10:00:00",52.6519333
"2012-12-23 11:00:00",90.5050213
"2012-12-23 12:00:00",142.6390723
"2012-12-23 13:00:00",159.11437858
"2012-12-23 14:00:00",188.7846327
"2012-12-23 15:00:00",179.71931096
"2012-12-23 16:00:00",182.9056313
"2012-12-23 17:00:00",131.5329538
"2012-12-23 18:00:00",136.32157024
"2012-12-23 19:00:00",145.5028485
"2012-12-23 20:00:00",64.0160789999999
"2012-12-23 21:00:00",43.0544015
"2012-12-23 22:00:00",70.2211029
"2012-12-23 23:00:00",73.4654015
"2012-12-24 00:00:00",42.2705095
"2012-12-24 01:00:00",42.2705095
"2012-12-24 02:00:00",18.267732
"2012-12-24 03:00:00",18.267732
"2012-12-24 05:00:00",0
"2012-12-24 06:00:00",18.267732
"2012-12-24 07:00:00",36.514332
"2012-12-24 08:00:00",42.2705095
"2012-12-24 09:00:00",62.8252029
"2012-12-24 10:00:00",71.825679
"2012-12-24 11:00:00",82.57691124
"2012-12-24 12:00:00",105.33761612
"2012-12-24 13:00:00",20.0169029
"2012-12-24 14:00:00",1.77030290000001
"2012-12-24 15:00:00",0
"2012-12-24 16:00:00",0
"2012-12-24 17:00:00",0
"2012-12-24 18:00:00",0
"2012-12-24 19:00:00",0
"2012-12-24 20:00:00",0
"2012-12-24 21:00:00",0
"2012-12-24 22:00:00",0
"2012-12-24 23:00:00",0
"2012-12-25 00:00:00",0
"2012-12-25 01:00:00",2.42751124000002
"2012-12-25 02:00:00",2.42751124000002
"2012-12-25 04:00:00",0
"2012-12-25 05:00:00",0
"2012-12-25 06:00:00",0
"2012-12-25 07:00:00",0
"2012-12-25 08:00:00",1.12560150000002
"2012-12-25 09:00:00",0
"2012-12-25 10:00:00",25.064371
"2012-12-25 11:00:00",49.45300812
"2012-12-25 12:00:00",52.16808562
"2012-12-25 13:00:00",171.49030998
"2012-12-25 14:00:00",176.2735892
"2012-12-25 15:00:00",142.71483964
"2012-12-25 16:00:00",148.56413964
"2012-12-25 17:00:00",115.73497014
"2012-12-25 18:00:00",88.3650701399999
"2012-12-25 19:00:00",86.77457858
"2012-12-25 20:00:00",89.9608989199999
"2012-12-25 21:00:00",82.4636723
"2012-12-25 22:00:00",70.06397024
"2012-12-25 23:00:00",79.8647006399999
"2012-12-26 00:00:00",81.8250006399999
"2012-12-26 01:00:00",69.6382042
"2012-12-26 02:00:00",69.6382042
"2012-12-26 03:00:00",51.83373254
"2012-12-26 04:00:00",43.26935504
"2012-12-26 05:00:00",49.53337842
"2012-12-26 06:00:00",46.34705808
"2012-12-26 07:00:00",0
"2012-12-26 08:00:00",0
"2012-12-26 09:00:00",0
"2012-12-26 10:00:00",0
"2012-12-26 11:00:00",0
"2012-12-26 12:00:00",0
"2012-12-26 13:00:00",0
"2012-12-26 14:00:00",0
"2012-12-26 15:00:00",11.76962454
"2012-12-26 16:00:00",11.76962454
"2012-12-26 17:00:00",0
"2012-12-26 18:00:00",0.518285699999919
"2012-12-26 19:00:00",23.3690723
"2012-12-26 20:00:00",14.0649701399999
"2012-12-26 21:00:00",18.6717632
"2012-12-26 22:00:00",0
"2012-12-26 23:00:00",8.58330419999998
"2012-12-27 00:00:00",10.5436042
"2012-12-27 01:00:00",0
"2012-12-27 02:00:00",2.48119216000002
"2012-12-27 03:00:00",0
"2012-12-27 04:00:00",0.504840980000013
"2012-12-27 05:00:00",31.20671924
"2012-12-27 06:00:00",50.7163295
"2012-12-27 07:00:00",45.20225008
"2012-12-27 08:00:00",68.93552454
"2012-12-27 09:00:00",86.883507
"2012-12-27 10:00:00",106.42902778
"2012-12-27 11:00:00",112.69305116
"2012-12-27 12:00:00",139.10827844
"2012-12-27 13:00:00",139.10827844
"2012-12-27 14:00:00",106.49303578
"2012-12-27 15:00:00",102.51146966
"2012-12-27 16:00:00",114.73384792
"2012-12-27 17:00:00",114.73384792
"2012-12-27 18:00:00",83.05304164
"2012-12-27 19:00:00",74.37416642
"2012-12-27 20:00:00",76.82321924
"2012-12-27 21:00:00",83.05304164
"2012-12-27 22:00:00",80.22346642
"2012-12-27 23:00:00",83.05304164
"2012-12-28 00:00:00",84.63281924
"2012-12-28 01:00:00",75.9777213
"2012-12-28 02:00:00",79.16404164
"2012-12-28 03:00:00",84.63281924
"2012-12-28 04:00:00",85.8719029
"2012-12-28 05:00:00",85.07665712
"2012-12-28 06:00:00",62.81017842
"2012-12-28 07:00:00",60.86294174
"2012-12-28 08:00:00",83.03699046
"2012-12-28 09:00:00",82.18376642
"2012-12-28 10:00:00",102.93391914
"2012-12-28 11:00:00",123.68940908
"2012-12-28 12:00:00",138.21214146
"2012-12-28 13:00:00",138.21214146
"2012-12-28 14:00:00",138.21214146
"2012-12-28 15:00:00",135.469659
"2012-12-28 16:00:00",132.36284146
"2012-12-28 17:00:00",77.18769046
"2012-12-28 18:00:00",77.18769046
"2012-12-28 19:00:00",66.6215213
"2012-12-28 20:00:00",70.6664029
"2012-12-28 21:00:00",52.62599046
"2012-12-28 22:00:00",54.66565712
"2012-12-28 23:00:00",69.87115712
"2012-12-29 00:00:00",47.418404
"2012-12-29 01:00:00",36.99505312
"2012-12-29 02:00:00",47.418404
"2012-12-29 03:00:00",32.212904
"2012-12-29 04:00:00",36.99505312
"2012-12-29 05:00:00",36.99505312
"2012-12-29 06:00:00",54.3556869
"2012-12-29 07:00:00",55.94617846
"2012-12-29 08:00:00",15.326192
"2012-12-29 09:00:00",15.326192
"2012-12-29 10:00:00",28.34337846
"2012-12-29 11:00:00",0
"2012-12-29 12:00:00",0
"2012-12-29 13:00:00",0
"2012-12-29 14:00:00",0.501853119999994
"2012-12-29 15:00:00",0
"2012-12-29 16:00:00",36.0206629
"2012-12-29 17:00:00",21.1364869
"2012-12-29 18:00:00",56.0029748
"2012-12-29 19:00:00",92.40849514
"2012-12-29 20:00:00",123.54559684
"2012-12-29 21:00:00",118.9993885
"2012-12-29 22:00:00",103.88460894
"2012-12-29 23:00:00",79.189292
"2012-12-30 00:00:00",80.61661124
"2012-12-30 01:00:00",97.49984488
"2012-12-30 02:00:00",94.72824792
"2012-12-30 03:00:00",97.49984488
"2012-12-30 04:00:00",95.96733158
"2012-12-30 05:00:00",115.4560042
"2012-12-30 06:00:00",99.48266338
"2012-12-30 07:00:00",82.67893254
"2012-12-30 08:00:00",96.02443794
"2012-12-30 09:00:00",96.43916132
"2012-12-30 10:00:00",141.60535612
"2012-12-30 11:00:00",137.26704488
"2012-12-30 12:00:00",162.59614812
"2012-12-30 13:00:00",176.75929574
"2012-12-30 14:00:00",170.80137844
"2012-12-30 15:00:00",151.79511448
"2012-12-30 16:00:00",152.14652238
"2012-12-30 17:00:00",132.49023298
"2012-12-30 18:00:00",121.8351122
"2012-12-30 19:00:00",99.263418
"2012-12-30 20:00:00",102.70216348
"2012-12-30 21:00:00",84.81044974
"2012-12-30 22:00:00",69.8402518
"2012-12-30 23:00:00",83.60048058
"2012-12-31 00:00:00",66.0152598
"2012-12-31 01:00:00",66.0152598
"2012-12-31 02:00:00",46.50419074
"2012-12-31 03:00:00",47.7141599
"2012-12-31 04:00:00",11.5469824
"2012-12-31 05:00:00",28.4637783
"2012-12-31 06:00:00",31.29869074
"2012-12-31 07:00:00",34.09915146
"2012-12-31 08:00:00",8.71206995999997
"2012-12-31 09:00:00",48.5395414
"2012-12-31 10:00:00",36.28442096
"2012-12-31 11:00:00",72.6259333
"2012-12-31 12:00:00",86.1502213
"2012-12-31 13:00:00",131.23451124
"2012-12-31 14:00:00",137.13590908
"2012-12-31 15:00:00",136.77916396
"2012-12-31 16:00:00",120.6606028
"2012-12-31 17:00:00",123.91023862
"2012-12-31 18:00:00",121.87057196
"2012-12-31 19:00:00",82.57691124
"2012-12-31 20:00:00",82.57691124
"2012-12-31 21:00:00",76.72761124
"2012-12-31 22:00:00",91.69247196
"2012-12-31 23:00:00",64.32257196
